0 1 5096 0 0.00000e+00 0.00000e+00 1.11558e-04 1.00000e+00 4.28779e-02 4.81861e-06 0.00000e+00 2.343742675804138 4.166668553238928
0 1 5096 0 0.00000e+00 0.00000e+00 4.20977e-04 1.00000e+00 0.00791349 0.00163564 0.         7.499905994540163 29.999129525305626
0 1 5056 0 0.       0.       0.126489 0.991968 1.60416 0.26913 0.      200.0 400.0
0 1 5057 1 0.       0.       0.117714 0.993048 1.60503  0.261187 0.       200.0 400.0
0 1 5057 2 0.       0.       0.115581 0.993298 1.60731  0.260994 0.       200.0 400.0
0 1 5056 3 0.       0.       0.150193 0.988657 1.77843 0.31227 0.      200.0 400.0
0 1 5056 4 0.       0.       0.127425 0.991848 1.75501 0.30954 0.      200.0 400.0
0 1 5095 6 -0.00176434 -0.00171851  0.00427671  0.999988   2.61344e-01 8.93778e-03 2.25396e-04 200.0 0.12622281909473412
0 1 5056 5 0.       0.       0.12929  0.991607 1.83379  0.329294 0.       200.0 400.0
1 0 6 5082  0.00220078  0.00199087 -0.0281736   0.999599   -7.29946e-01 -2.30980e-03 -1.23699e-05 200.0 0.12622281909473412
0 1 5057 7 0.       0.       0.125071 0.992148 1.77049 0.30228 0.      200.0 400.0
0 1 5056 8 0.       0.       0.138832 0.990316 1.91087  0.351881 0.       200.0 400.0
0 1 5062 9 0.       0.       0.108872 0.994056 1.62938  0.231702 0.       200.0 400.0
0 1 5062 10 0.       0.       0.102492 0.994734 1.68362  0.250571 0.       200.0 400.0
0 1 5061 11 0.       0.       0.119436 0.992842 1.76856  0.284403 0.       200.0 400.0
0 1 5062 12 0.       0.       0.117433 0.993081 1.76454  0.267702 0.       200.0 400.0
0 1 5068 13 0.        0.        0.0831925 0.996533  1.52838  0.168739 0.       200.0 400.0
0 1 5068 14 0.        0.        0.0962966 0.995353  1.61138  0.173486 0.       200.0 400.0
0 1 5069 15 0.        0.        0.0934325 0.995626  1.5546   0.125161 0.       200.0 400.0
0 1 5068 16 0.       0.       0.114125 0.993466 1.67484 0.20081 0.      200.0 400.0
0 1 5067 17 0.       0.       0.151189 0.988505 1.78589  0.256381 0.       200.0 400.0
0 1 5068 19 0.       0.       0.142623 0.989777 1.75437  0.217045 0.       200.0 400.0
0 1 5068 20 0.       0.       0.159373 0.987218 1.77603  0.229995 0.       200.0 400.0
0 1 5075 21 0.       0.       0.131477 0.991319 1.5092   0.098185 0.       200.0 400.0
0 1 5075 22 0.       0.       0.173066 0.98491  1.5755   0.121935 0.       200.0 400.0
0 1 5067 23 0.       0.       0.211944 0.977282 1.95087  0.313065 0.       200.0 400.0
0 1 5073 24 0.       0.       0.187345 0.982294 1.70269 0.1259  0.      200.0 400.0
1 0 25 5070  0.0141341   0.00881435 -0.186465    0.98232    -1.76633e+00  4.30849e-01  7.93078e-05 200.0 0.12622281909473412
0 1 5081 26 0.       0.       0.210345 0.977627 1.42069  0.165087 0.       200.0 400.0
0 1 5072 27 0.       0.       0.21722  0.976123 1.85575  0.154113 0.       200.0 400.0
0 1 5075 28 0.       0.       0.221209 0.975226 1.69517  0.170866 0.       200.0 400.0
0 1 5083 29 0.       0.       0.246577 0.969123 1.49956  0.197157 0.       200.0 400.0
0 1 5086 30 0.       0.       0.248135 0.968725 1.33605  0.203128 0.       200.0 400.0
0 1 5088 32 0.       0.       0.260601 0.965447 1.31976  0.184645 0.       200.0 400.0
0 1 5083 33 0.       0.       0.303918 0.952698 1.62887  0.252723 0.       200.0 400.0
0 1 5088 34 0.       0.       0.292277 0.956334 1.40005  0.201014 0.       200.0 400.0
0 1 5087 35 0.       0.       0.333037 0.942914 1.53448  0.279254 0.       200.0 400.0
0 1 5093 37 0.       0.       0.338535 0.940954 1.36574  0.246268 0.       200.0 400.0
0 1 5093 38 0.       0.       0.340518 0.940238 1.37332  0.248097 0.       200.0 400.0
0 1 5094 39 0.       0.       0.347447 0.9377   1.41365  0.301725 0.       200.0 400.0
0 1 5096 40 0.       0.       0.351459 0.936203 1.34862  0.306354 0.       200.0 400.0
1 0 379 4145  4.54370e-06 -4.16104e-04 -3.80309e-01  9.24859e-01 0.781838  0.0484908 0.0107911 200.0 0.12622281909473412
1 0 399 4153 -0.0306849 -0.0141349 -0.209052   0.977321   0.210043  -0.0503522  0.0105518 200.0 0.12622281909473412
1 0 410 4153 -0.0165672  -0.00410605 -0.199876    0.979673   -0.19737   -0.0581932  0.0576302 200.0 0.12622281909473412
1 0 417 4174 -5.86590e-03 -6.35401e-04  4.48367e-02  9.98977e-01  0.340257  -0.234883   0.0754076 200.0 0.12622281909473412
1 0 424 4174 -0.00584697  0.00361338  0.0359521   0.99933    0.130485  0.0213746 0.0666899 200.0 0.12622281909473412
1 0 429 4184 -0.0130021   0.00314864  0.0608618   0.998057    0.275057  -0.136102   0.0682394 200.0 0.12622281909473412
1 0 438 4190 -0.0110668   0.00349726  0.0539249   0.998478   -0.00028313 -0.148069    0.0716219  200.0 0.12622281909473412
1 0 446 4197 -0.0118751   0.00256864  0.0423126   0.999031   -0.0723159 -0.154748   0.0710616 200.0 0.12622281909473412
1 0 453 4208 -0.0202273  -0.00974304  0.0110527   0.999687   -0.0588983  0.0641463  0.0260261 200.0 0.12622281909473412
0 1 4213 457 0.        0.        0.0159312 0.999873   0.105192 -0.274907  0.       200.0 400.0
0 1 4213 461 0.        0.        0.0135814 0.999908   0.271688 -0.271004  0.       200.0 400.0
0 1 4215 462 0.        0.        0.0187362 0.999824   0.200696 -0.276069  0.       200.0 400.0
0 1 4214 463 0.        0.        0.0135107 0.999909   0.345789 -0.267109  0.       200.0 400.0
0 1 4212 465 0.         0.         0.00733124 0.999973    0.270037 -0.265674  0.       200.0 400.0
0 1 4213 466 0.         0.         0.00874294 0.999962    0.390372 -0.256803  0.       200.0 400.0
0 1 4217 467 0.        0.        0.0105972 0.999944   0.368539 -0.255127  0.       200.0 400.0
0 1 4215 468 0.        0.        0.0160156 0.999872   0.443017 -0.266639  0.       200.0 400.0
0 1 4217 470 0.        0.        0.0162103 0.999869   0.516935 -0.264469  0.       200.0 400.0
1 0 469 4229 -4.16516e-03  8.75452e-04  1.14112e-03  9.99990e-01  0.0810991   0.206101   -0.00127719 200.0 0.12622281909473412
0 1 4219 471 0.        0.        0.0162538 0.999868   0.511073 -0.263108  0.       200.0 400.0
0 1 4227 472 0.        0.        0.0232167 0.99973    0.187251 -0.252163  0.       200.0 400.0
0 1 4222 473 0.        0.        0.0164705 0.999864   0.454475 -0.244437  0.       200.0 400.0
0 1 4222 474 0.        0.        0.0196521 0.999807   0.507546 -0.251934  0.       200.0 400.0
0 1 4226 475 0.        0.        0.0255832 0.999673   0.423642 -0.249151  0.       200.0 400.0
0 1 4228 477 0.        0.        0.0240829 0.99971    0.438354 -0.243689  0.       200.0 400.0
1 0 476 4240  1.75108e-03 -7.09196e-04 -1.58362e-02  9.99873e-01  0.127218   0.171324  -0.0103981 200.0 0.12622281909473412
0 1 4232 478 0.        0.        0.0231709 0.999732   0.334454 -0.231662  0.       200.0 400.0
0 1 4231 479 0.        0.        0.0248546 0.999691   0.42675  -0.238809  0.       200.0 400.0
0 1 4230 480 0.        0.        0.0250182 0.999687   0.501291 -0.234273  0.       200.0 400.0
0 1 4232 481 0.        0.        0.0223389 0.99975    0.394126 -0.223973  0.       200.0 400.0
0 1 4247 483 0.        0.        0.0103878 0.999946  -0.0574912 -0.173452   0.        200.0 400.0
0 1 4253 484 0.        0.        0.0114909 0.999934  -0.256833 -0.159476  0.       200.0 400.0
0 1 4253 485 0.        0.        0.0142518 0.999898  -0.199452 -0.160719  0.       200.0 400.0
0 1 4270 488 0.        0.        0.0306756 0.999529  -0.70358  -0.182822  0.       200.0 400.0
0 1 4270 489 0.        0.        0.0299174 0.999552  -0.63884 -0.18014  0.      200.0 400.0
0 1 4270 490 0.        0.        0.0306182 0.999531  -0.625786 -0.180935  0.       200.0 400.0
0 1 4270 491 0.        0.        0.0385003 0.999259  -0.611914 -0.205939  0.       200.0 400.0
0 1 4270 492 0.       0.       0.036824 0.999322 -0.560523 -0.196137  0.       200.0 400.0
0 1 4270 493 0.        0.        0.0365271 0.999333  -0.558347 -0.203328  0.       200.0 400.0
0 1 4270 494 0.        0.        0.0366837 0.999327  -0.513656 -0.19963   0.       200.0 400.0
0 1 4270 495 0.        0.        0.0359275 0.999354  -0.472694 -0.196185  0.       200.0 400.0
0 1 4270 496 0.        0.        0.0359507 0.999354  -0.418674 -0.191194  0.       200.0 400.0
1 0 497 4260  0.00110412 -0.00119274 -0.0290243   0.999577   -0.0183225   0.152577   -0.00038313 200.0 0.12622281909473412
0 1 4269 498 0.        0.        0.0358958 0.999356  -0.230319 -0.180941  0.       200.0 400.0
0 1 4270 499 0.        0.        0.0361637 0.999346  -0.22759  -0.181593  0.       200.0 400.0
0 1 4270 500 0.        0.        0.0329841 0.999456  -0.189932 -0.174553  0.       200.0 400.0
0 1 4270 501 0.        0.        0.0349894 0.999388  -0.139513 -0.176025  0.       200.0 400.0
0 1 4270 502 0.        0.        0.0304037 0.999538  -0.0998728 -0.168056   0.        200.0 400.0
0 1 4270 503 0.        0.        0.0336508 0.999434  -0.0540312 -0.172077   0.        200.0 400.0
1 0 504 4271 -0.00282556 -0.00144949 -0.0182085   0.999829    0.0830076  0.127963  -0.0013809 200.0 0.12622281909473412
0 1 4274 505 0.        0.        0.0237043 0.999719  -0.0677585 -0.163494   0.        200.0 400.0
0 1 4277 506 0.        0.        0.0267013 0.999643  -0.200037 -0.169055  0.       200.0 400.0
0 1 4275 507 0.        0.        0.0218711 0.999761  -0.0528333 -0.15914    0.        200.0 400.0
0 1 4278 508 0.        0.        0.0236809 0.99972   -0.137959 -0.162285  0.       200.0 400.0
0 1 4277 510 0.        0.        0.0292527 0.999572  -0.0519224 -0.161632   0.        200.0 400.0
1 0 509 4279 -0.00330494 -0.00145908 -0.0252675   0.999674    0.149414    0.117605   -0.00181636 200.0 0.12622281909473412
0 1 4276 511 0.        0.        0.0354386 0.999372   0.0625925 -0.143031   0.        200.0 400.0
0 1 4281 512 0.        0.        0.0446476 0.999003  -0.121481 -0.15356   0.       200.0 400.0
0 1 4283 513 0.        0.        0.0438194 0.999039  -0.141575 -0.139912  0.       200.0 400.0
0 1 4284 514 0.        0.        0.0419501 0.99912   -0.136595 -0.135114  0.       200.0 400.0
1 0 515 4285 -7.55169e-04  1.09391e-03 -3.42631e-02  9.99412e-01 0.164263   0.105601   0.00019463 200.0 0.12622281909473412
0 1 4284 516 0.        0.        0.0382241 0.999269   0.00392154 -0.125044    0.         200.0 400.0
0 1 4284 517 0.        0.        0.0409035 0.999163   0.0267327 -0.128594   0.        200.0 400.0
0 1 4287 518 0.        0.        0.0406398 0.999174  -0.0500129 -0.126284   0.        200.0 400.0
0 1 4288 519 0.        0.        0.0402875 0.999188  -0.052203 -0.125684  0.       200.0 400.0
0 1 4288 520 0.        0.        0.0367567 0.999324   0.00266266 -0.116043    0.         200.0 400.0
0 1 4288 521 0.        0.        0.0457667 0.998952   0.0372641 -0.130094   0.        200.0 400.0
0 1 4287 522 0.       0.       0.045685 0.998956  0.120739 -0.125605  0.       200.0 400.0
0 1 4292 523 0.        0.        0.0405368 0.999178  -0.0332936 -0.116303   0.        200.0 400.0
0 1 4293 525 0.        0.        0.0444979 0.999009   0.0385879 -0.115845   0.        200.0 400.0
1 0 524 4290 -0.00277598 -0.0021035  -0.0342931   0.999406   -0.0760149   0.0827987  -0.00108046 200.0 0.12622281909473412
0 1 4294 526 0.        0.        0.0519505 0.99865    0.0403549 -0.107928   0.        200.0 400.0
0 1 4294 527 0.        0.        0.0536535 0.99856    0.0508364 -0.109781   0.        200.0 400.0
0 1 4296 528 0.        0.        0.0566998 0.998391   0.0338197 -0.0956906  0.        200.0 400.0
0 1 4295 529 0.        0.        0.0627453 0.99803    0.124757 -0.106326  0.       200.0 400.0
0 1 4297 530 0.        0.        0.0527656 0.998607   0.101251  -0.0841566  0.        200.0 400.0
0 1 4299 532 0.        0.        0.0540814 0.998537   0.0981557 -0.0777425  0.        200.0 400.0
1 0 531 4301 -0.00101012  0.00129795 -0.049061    0.998794   0.0427481  0.0534708  0.00582124 200.0 0.12622281909473412
0 1 4300 533 0.        0.        0.0542024 0.99853    0.0512773 -0.0766621  0.        200.0 400.0
0 1 4303 534 0.        0.        0.0537226 0.998556   0.0295955 -0.0705605  0.        200.0 400.0
0 1 4304 535 0.        0.        0.0525194 0.99862    0.0304694 -0.06804    0.        200.0 400.0
0 1 4305 536 0.        0.        0.0563108 0.998413   0.0305851 -0.0610577  0.        200.0 400.0
0 1 4307 537 0.        0.        0.0582106 0.998304  -0.0338746 -0.063353   0.        200.0 400.0
0 1 4308 539 0.        0.        0.0637557 0.997966   0.0337905 -0.0548683  0.        200.0 400.0
1 0 538 4310 -3.27562e-04  1.48769e-03 -5.81233e-02  9.98308e-01 0.13592    0.0243788  0.00251857 200.0 0.12622281909473412
0 1 4305 540 0.        0.        0.0771261 0.997021   0.201932  -0.0643131  0.        200.0 400.0
0 1 4309 541 0.        0.        0.0681254 0.997677   0.0624399 -0.0528862  0.        200.0 400.0
0 1 4311 542 0.       0.       0.076647 0.997058  0.041011  -0.0460655  0.        200.0 400.0
0 1 4311 543 0.       0.       0.082231 0.996613  0.0721848 -0.0533117  0.        200.0 400.0
1 0 544 4310  1.85533e-03  6.44209e-04 -8.55427e-02  9.96333e-01 -0.105806    0.0278364  -0.00902995 200.0 0.12622281909473412
0 1 4314 545 0.        0.        0.0984062 0.995146   0.0386899 -0.0362473  0.        200.0 400.0
0 1 4313 546 0.       0.       0.102699 0.994712  0.106989   -0.00950853  0.         200.0 400.0
0 1 4316 547 0.       0.       0.103515 0.994628  0.0336426  -0.00884543  0.         200.0 400.0
0 1 4316 548 0.       0.       0.100628 0.994924 0.0929263  0.00355046 0.         200.0 400.0
0 1 4319 549 0.        0.        0.0950634 0.995471  0.0289233  0.00901677 0.         200.0 400.0
0 1 4318 550 0.      0.      0.11409 0.99347  0.100575   -0.00978412  0.         200.0 400.0
0 1 4321 551 0.        0.        0.0788194 0.996889  0.0236215 0.0199291 0.        200.0 400.0
0 1 4323 552 0.        0.        0.0685379 0.997649  0.0160844 0.0310116 0.        200.0 400.0
0 1 4323 553 0.        0.        0.0706076 0.997504  0.0351861 0.0289126 0.        200.0 400.0
1 0 554 4322  0.00167511  0.00149965 -0.0647224   0.997901   -0.109657   -0.0519789  -0.00082413 200.0 0.12622281909473412
0 1 4325 555 0.        0.        0.0685469 0.997648  0.0342146 0.0320235 0.        200.0 400.0
0 1 4328 556 0.        0.        0.0566407 0.998395  0.00740401 0.0446149  0.         200.0 400.0
0 1 4327 557 0.        0.        0.0597505 0.998213  0.0324608 0.0419284 0.        200.0 400.0
0 1 4326 558 0.        0.        0.0828075 0.996566  0.154703  0.0310711 0.        200.0 400.0
0 1 4329 559 0.        0.        0.0590779 0.998253  0.0274617 0.0295387 0.        200.0 400.0
0 1 4331 560 0.        0.        0.0310349 0.999518  0.0156449 0.0544806 0.        200.0 400.0
0 1 4335 561 0.        0.        0.0151251 0.999886  -0.053298   0.0594702  0.        200.0 400.0
0 1 4337 563 0.         0.         0.00403025 0.999992   -0.0668032  0.0581996  0.        200.0 400.0
0 1 4337 564 0.00000e+00 0.00000e+00 3.41876e-04 1.00000e+00 -0.0493789  0.0638268  0.        200.0 400.0
0 1 4339 565  0.         0.        -0.0071374  0.999975  -0.0646919  0.0610411  0.        200.0 400.0
0 1 4336 566 0.        0.        0.0192568 0.999815  0.0244873 0.0383263 0.        200.0 400.0
0 1 4336 567 0.        0.        0.0205963 0.999788  0.0887074 0.0377416 0.        200.0 400.0
0 1 4341 568  0.         0.        -0.0063498  0.99998   -0.0520691  0.0635551  0.        200.0 400.0
0 1 4344 570  0.          0.         -0.00569306  0.999984   -0.0522927  0.0602801  0.        200.0 400.0
0 1 4344 571  0.          0.         -0.00817466  0.999967   0.0232396 0.0615006 0.        200.0 400.0
0 1 4346 572  0.         0.        -0.0090919  0.999959  -0.0535328  0.0637908  0.        200.0 400.0
0 1 4346 573  0.          0.         -0.00214449  0.999998   0.011769  0.0509482 0.        200.0 400.0
0 1 4348 575  0.          0.         -0.00245477  0.999997   0.0136668 0.0509027 0.        200.0 400.0
0 1 4351 576  0.          0.         -0.00529494  0.999986   -0.0569459  0.0550877  0.        200.0 400.0
0 1 4351 577  0.          0.         -0.00573944  0.999984   0.0116484 0.0519815 0.        200.0 400.0
0 1 4353 578  0.          0.         -0.00558602  0.999984   -0.054249   0.0546556  0.        200.0 400.0
0 1 4353 579  0.          0.         -0.00532282  0.999986   0.0160806 0.0519584 0.        200.0 400.0
0 1 4356 580  0.          0.         -0.00533876  0.999986   -0.0567795  0.0544052  0.        200.0 400.0
0 1 4352 581 0.        0.        0.0245339 0.999699  0.0864808 0.0295299 0.        200.0 400.0
0 1 4357 582 0.         0.         0.00202088 0.999998   -0.0486158  0.0524604  0.        200.0 400.0
0 1 4359 583 0.        0.        0.0124764 0.999922  -0.0536736  0.0536346  0.        200.0 400.0
0 1 4362 585 0.        0.        0.0110417 0.999939  -0.0602771  0.0557537  0.        200.0 400.0
0 1 4363 586 0.        0.        0.0113299 0.999936  -0.126962   0.0568741  0.        200.0 400.0
0 1 4364 587 0.         0.         0.00781999 0.999969   -0.0574592  0.0580828  0.        200.0 400.0
0 1 4364 588 0.         0.         0.00789219 0.999969   -0.0520006  0.0581954  0.        200.0 400.0
0 1 4365 589 0.         0.         0.00650786 0.999979   -0.0527073  0.0606315  0.        200.0 400.0
0 1 4366 590 0.         0.         0.00712003 0.999975   -0.0524993  0.059775   0.        200.0 400.0
0 1 4369 591 0.         0.         0.00557853 0.999984   -0.0593944  0.063135   0.        200.0 400.0
0 1 4371 593 0.         0.         0.00259173 0.999997   -0.058578   0.0659111  0.        200.0 400.0
0 1 4373 594 0.         0.         0.00191446 0.999998   -0.137439   0.0618727  0.        200.0 400.0
0 1 4374 595  0.         0.        -0.0320999  0.999485  -0.133711   0.0677071  0.        200.0 400.0
0 1 4377 596  0.         0.        -0.0448665  0.998993  -0.202504  0.107511  0.       200.0 400.0
0 1 4393 597  0.       0.      -0.27428  0.96165 -0.821795  0.155458  0.       200.0 400.0
0 1 4372 598  0.         0.        -0.0475994  0.998867  0.0309936 0.0480582 0.        200.0 400.0
1 0 599 4367 -2.11817e-04  2.76935e-05  7.54130e-02  9.97152e-01 -2.64406e-01 -6.97176e-02 -1.11714e-04 200.0 0.12622281909473412
0 1 4380 600  0.        0.       -0.119816  0.992796 -0.221785 -0.013993  0.       200.0 400.0
0 1 4372 601  0.        0.       -0.111273  0.99379  0.183691 0.031163 0.       200.0 400.0
0 1 4370 602  0.        0.       -0.114062  0.993474  0.264375  -0.0137001  0.        200.0 400.0
1 0 603 4367  4.09267e-04 -2.87534e-03  1.52143e-01  9.88354e-01 -4.22412e-01 -1.15327e-01  4.38149e-05 200.0 0.12622281909473412
0 1 4368 604  0.        0.       -0.146841  0.98916   0.406871  -0.0646252  0.        200.0 400.0
0 1 4372 605  0.        0.       -0.18212   0.983276  0.308089 -0.015668  0.       200.0 400.0
0 1 4370 606  0.        0.       -0.185375  0.982668  0.386331  -0.0892938  0.        200.0 400.0
0 1 4372 607  0.        0.       -0.222912  0.974839  0.366414  -0.0468435  0.        200.0 400.0
0 1 4372 608  0.        0.       -0.225242  0.974303  0.363222 -0.115284  0.       200.0 400.0
0 1 4372 609  0.        0.       -0.26057   0.965455  0.420842 -0.1006    0.       200.0 400.0
0 1 4365 610  0.        0.       -0.263925  0.964543  0.658446 -0.209655  0.       200.0 400.0
0 1 4372 611  0.        0.       -0.298188  0.954507 0.504814  0.0429989 0.        200.0 400.0
0 1 4363 612  0.        0.       -0.301309  0.953527  0.808989 -0.207495  0.       200.0 400.0
0 1 4366 614  0.        0.       -0.340314  0.940312  0.782304 -0.253717  0.       200.0 400.0
0 1 4361 615  0.        0.       -0.372267  0.928126  1.007    -0.224161  0.       200.0 400.0
0 1 4359 616  0.        0.       -0.375533  0.926809  1.08399  -0.297813  0.       200.0 400.0
0 1 4359 617  0.        0.       -0.410634  0.9118    1.13822  -0.267146  0.       200.0 400.0
0 1 4362 618  0.        0.       -0.41191   0.911225  1.04314  -0.362254  0.       200.0 400.0
0 1 4361 619  0.        0.       -0.447107  0.89448   1.12458  -0.119749  0.       200.0 400.0
0 1 4354 620  0.        0.       -0.451003  0.892522  1.34702 -0.33413  0.      200.0 400.0
0 1 4354 622  0.        0.       -0.486164  0.873868  1.38324  -0.417192  0.       200.0 400.0
0 1 4354 623  0.        0.       -0.518615  0.855008  1.43109  -0.336097  0.       200.0 400.0
0 1 4359 624  0.        0.       -0.51851   0.855072  1.26052  -0.426465  0.       200.0 400.0
0 1 4359 625  0.        0.       -0.550691  0.834709  1.30092  -0.386288  0.       200.0 400.0
0 1 4354 626  0.        0.       -0.554097  0.832452  1.4561   -0.472262  0.       200.0 400.0
0 1 4360 628  0.        0.       -0.583124  0.812383  1.30519  -0.600315  0.       200.0 400.0
0 1 4347 629  0.        0.       -0.621713  0.783245  1.75693 -0.54255  0.      200.0 400.0
0 1 4354 630  0.        0.       -0.617185  0.786818  1.4974   -0.616699  0.       200.0 400.0
0 1 4354 631  0.        0.       -0.645989  0.763347  1.51894  -0.631908  0.       200.0 400.0
0 1 4354 633  0.        0.       -0.655878  0.754867  1.53694  -0.659417  0.       200.0 400.0
0 1 4357 634  0.        0.       -0.656694  0.754157  1.45545  -0.696924  0.       200.0 400.0
0 1 4349 635  0.        0.       -0.655159  0.755491  1.70293  -0.774075  0.       200.0 400.0
0 1 4347 636  0.        0.       -0.656713  0.754141  1.78887  -0.802108  0.       200.0 400.0
0 1 4349 637  0.        0.       -0.64791   0.761717  1.71292  -0.863625  0.       200.0 400.0
0 1 4354 638  0.        0.       -0.642152  0.766577  1.54751  -0.911046  0.       200.0 400.0
0 1 4354 639  0.        0.       -0.637336  0.770586  1.56468 -0.94937  0.      200.0 400.0
0 1 4354 640  0.        0.       -0.637483  0.770465  1.56764  -0.933093  0.       200.0 400.0
0 1 4357 644  0.        0.       -0.585413  0.810735  1.51879 -1.12929  0.      200.0 400.0
0 1 4372 647  0.        0.       -0.553752  0.832682  0.97348 -1.23922  0.      200.0 400.0
0 1 4366 672  0.        0.       -0.516624  0.856212  1.56222 -2.00198  0.      200.0 400.0
0 1 4557 1769 0.       0.       0.458304 0.888796  0.877943 -1.89638   0.       200.0 400.0
0 1 4557 1783 0.       0.       0.462435 0.886653  1.28226 -1.43569  0.      200.0 400.0
0 1 4557 1785 0.       0.       0.445037 0.895512  1.16299 -1.39521  0.      200.0 400.0
0 1 4557 1786 0.       0.       0.454645 0.890673  1.23903 -1.38144  0.      200.0 400.0
0 1 4557 1789 0.       0.       0.464303 0.885676  1.42357 -1.23099  0.      200.0 400.0
0 1 4555 1791 0.       0.       0.470536 0.882381  1.53103 -1.16877  0.      200.0 400.0
0 1 4552 1792 0.       0.       0.48605  0.873931  1.71439 -1.0686   0.      200.0 400.0
0 1 4592 1798 0.       0.       0.309922 0.950762  0.294147 -1.10272   0.       200.0 400.0
0 1 4592 1799 0.       0.       0.308895 0.951096  0.319462 -1.0612    0.       200.0 400.0
0 1 4600 1800 0.       0.       0.308105 0.951352  0.214282 -1.0411    0.       200.0 400.0
0 1 4590 1803 0.       0.       0.309147 0.951014  0.749886 -0.949523  0.       200.0 400.0
0 1 4613 1805 0.       0.       0.320847 0.947131 -0.0957214 -0.897651   0.        200.0 400.0
0 1 4615 1806 0.       0.       0.3211   0.947045 -0.178699 -0.851537  0.       200.0 400.0
0 1 4587 1809 0.       0.       0.329588 0.944125  0.774339 -0.781428  0.       200.0 400.0
0 1 4584 1810 0.       0.       0.330003 0.94398   0.98133  -0.775355  0.       200.0 400.0
0 1 4581 1811 0.       0.       0.213358 0.976974  0.520759 -0.548289  0.       200.0 400.0
0 1 4581 1812 0.       0.       0.089488 0.995988  0.201009 -0.285639  0.       200.0 400.0
0 1 4583 1813 0.       0.       0.328733 0.944423  1.07345  -0.678222  0.       200.0 400.0
0 1 4673 1863 0.       0.       0.2244   0.974497 -0.0997291  1.47959    0.        200.0 400.0
0 1 4673 1864 0.       0.       0.226263 0.974066 -0.0677402  1.50178    0.        200.0 400.0
0 1 4675 1865 0.       0.       0.226398 0.974035 0.0909043 1.59365   0.        200.0 400.0
0 1 1498 1866  0.        0.       -0.100465  0.994941 0.326782 1.8717   0.       200.0 400.0
0 1 4675 1867 0.       0.       0.25823  0.966083 0.138488 1.61403  0.       200.0 400.0
0 1 4675 1869 0.       0.       0.258289 0.966068 0.172156 1.63677  0.       200.0 400.0
0 1 4675 1870 0.       0.       0.256695 0.966492 0.109764 1.58584  0.       200.0 400.0
0 1 4697 1871 0.        0.        0.0103889 0.999946  0.0582593 1.54142   0.        200.0 400.0
0 1 1506 1872  0.         0.        -0.0754527  0.997149  0.15402 1.84861 0.      200.0 400.0
0 1 1502 1873  0.         0.        -0.0747562  0.997202  0.379077 1.83581  0.       200.0 400.0
0 1 1499 1874  0.         0.        -0.0557074  0.998447  0.530067 1.82529  0.       200.0 400.0
0 1 4706 1876 0.        0.        0.0241223 0.999709  -0.0518913  1.55911    0.        200.0 400.0
0 1 4697 1877 0.        0.        0.0524894 0.998621  0.288382 1.54722  0.       200.0 400.0
0 1 210 1878 0.         0.         0.00170923 0.999999   0.300998 1.77491  0.       200.0 400.0
0 1 4700 1879 0.        0.        0.0792701 0.996853  0.204062 1.55398  0.       200.0 400.0
0 1 4697 1880 0.        0.        0.0734759 0.997297  0.388453 1.55564  0.       200.0 400.0
0 1 4695 1881 0.        0.        0.0912438 0.995829  0.450188 1.57491  0.       200.0 400.0
0 1 4707 1883 0.        0.        0.0663869 0.997794  0.180273 1.57487  0.       200.0 400.0
0 1 4705 1884 0.        0.        0.0770314 0.997029  0.275491 1.58286  0.       200.0 400.0
0 1 4701 1885 0.        0.        0.0816356 0.996662  0.407605 1.59682  0.       200.0 400.0
0 1 4709 1886 0.        0.        0.0495738 0.99877   0.264844 1.58159  0.       200.0 400.0
0 1 223 1887 0.        0.        0.0112234 0.999937  0.454109 1.7851   0.       200.0 400.0
0 1 4707 1888 0.        0.        0.0564986 0.998403  0.407285 1.59586  0.       200.0 400.0
0 1 4705 1889 0.        0.        0.0661204 0.997812  0.484716 1.6082   0.       200.0 400.0
0 1 4709 1890 0.        0.        0.0451276 0.998981  0.422118 1.59603  0.       200.0 400.0
0 1 4709 1892 0.        0.        0.0462539 0.99893   0.462181 1.59559  0.       200.0 400.0
0 1 4708 1893 0.       0.       0.042193 0.999109 0.637706 1.61168  0.       200.0 400.0
0 1 4735 1905 0.00000e+00 0.00000e+00 4.66057e-04 1.00000e+00 0.218567 1.60327  0.       200.0 400.0
0 1 4739 1907 0.         0.         0.00418803 0.999991   0.126597 1.59993  0.       200.0 400.0
0 1 4744 1912 0.         0.         0.00204899 0.999998   0.095328 1.60408  0.       200.0 400.0
0 1 4747 1914  0.         0.        -0.0011861  0.999999  0.0471587 1.60518   0.        200.0 400.0
0 1 4742 1915  0.          0.         -0.00147577  0.999999   0.291432 1.60284  0.       200.0 400.0
0 1 4742 1916  0.00000e+00  0.00000e+00 -1.55369e-04  1.00000e+00 0.377166 1.59938  0.       200.0 400.0
0 1 4747 1918 0.00000e+00 0.00000e+00 9.02967e-04 1.00000e+00 0.254772 1.60349  0.       200.0 400.0
0 1 4748 1919 0.         0.         0.00226689 0.999997   0.247558 1.60367  0.       200.0 400.0
0 1 4749 1920  0.00000e+00  0.00000e+00 -2.22151e-04  1.00000e+00 0.254453 1.6089   0.       200.0 400.0
0 1 4751 1922 0.         0.         0.00101532 0.999999   0.295367 1.60275  0.       200.0 400.0
0 1 4742 1923  0.00000e+00  0.00000e+00 -6.73264e-04  1.00000e+00 0.733902 1.59405  0.       200.0 400.0
0 1 4751 1924  0.00000e+00  0.00000e+00 -4.79128e-04  1.00000e+00 0.390701 1.60312  0.       200.0 400.0
0 1 4754 1925  0.          0.         -0.00163496  0.999999   0.356475 1.59722  0.       200.0 400.0
0 1 4754 1926  0.          0.         -0.00149264  0.999999   0.398705 1.59627  0.       200.0 400.0
0 1 4760 1931  0.          0.         -0.00488525  0.999988   0.304115 1.60101  0.       200.0 400.0
0 1 4767 1933  0.          0.         -0.00767526  0.999971   0.141287 1.61231  0.       200.0 400.0
0 1 1575 1934  0.         0.        -0.0332829  0.999446  0.124476 1.75236  0.       200.0 400.0
0 1 1575 1935  0.         0.        -0.0333917  0.999442  0.153575 1.75057  0.       200.0 400.0
0 1 4773 1938  0.          0.         -0.00841607  0.999965   0.159908 1.62463  0.       200.0 400.0
0 1 4771 1939  0.          0.         -0.00886986  0.999961   0.291956 1.61995  0.       200.0 400.0
0 1 4773 1940  0.          0.         -0.00924265  0.999957   0.243861 1.62394  0.       200.0 400.0
0 1 4766 1942  0.         0.        -0.0129544  0.999916  0.638602 1.6147   0.       200.0 400.0
0 1 1592 1943  0.         0.        -0.0376177  0.999292  0.0197582 1.74031   0.        200.0 400.0
0 1 4780 1947  0.         0.        -0.0111601  0.999938  0.239271 1.62762  0.       200.0 400.0
0 1 4785 1948  0.          0.         -0.00944191  0.999955   0.0574073 1.63469   0.        200.0 400.0
0 1 4785 1950  0.         0.        -0.0090703  0.999959  0.182785 1.62966  0.       200.0 400.0
0 1 4786 1951  0.          0.         -0.00390332  0.999992   0.176378 1.61719  0.       200.0 400.0
0 1 4785 1952  0.          0.         -0.00535654  0.999986   0.259576 1.61477  0.       200.0 400.0
0 1 1602 1953  0.         0.        -0.0373206  0.999303  0.0592396 1.71504   0.        200.0 400.0
0 1 1596 1954  0.         0.        -0.0402312  0.99919   0.366215 1.70283  0.       200.0 400.0
0 1 1602 1955  0.         0.        -0.0425224  0.999096  0.153664 1.71846  0.       200.0 400.0
0 1 4784 1956  0.          0.         -0.00798329  0.999968   0.476841 1.61706  0.       200.0 400.0
0 1 1604 1957  0.         0.        -0.0376625  0.999291  0.142937 1.70968  0.       200.0 400.0
0 1 4787 1959  0.          0.         -0.00589144  0.999983   0.438683 1.61881  0.       200.0 400.0
0 1 4794 1963  0.          0.         -0.00434412  0.999991   0.396928 1.61009  0.       200.0 400.0
0 1 4797 1966 0.00000e+00 0.00000e+00 1.34662e-04 1.00000e+00 0.4476  1.60861 0.      200.0 400.0
0 1 4800 1967  0.         0.        -0.0044419  0.99999   0.324897 1.60592  0.       200.0 400.0
0 1 4799 1968  0.          0.         -0.00315054  0.999995   0.451809 1.60471  0.       200.0 400.0
0 1 4799 1970  0.         0.        -0.0013826  0.999999  0.497567 1.60179  0.       200.0 400.0
0 1 4799 1971  0.         0.        -0.0017211  0.999999  0.5385 1.5998 0.     200.0 400.0
0 1 4808 1972  0.          0.         -0.00595816  0.999982   0.206785 1.60916  0.       200.0 400.0
0 1 4811 1976  0.          0.         -0.00531597  0.999986   0.282501 1.61374  0.       200.0 400.0
0 1 4815 1978  0.          0.         -0.00862556  0.999963   0.250237 1.61048  0.       200.0 400.0
0 1 4815 1979  0.          0.         -0.00815473  0.999967   0.291126 1.60655  0.       200.0 400.0
0 1 4816 1980  0.          0.         -0.00676693  0.999977   0.294538 1.60261  0.       200.0 400.0
0 1 4826 1982  0.         0.        -0.0115096  0.999934  -0.0263369  1.61519    0.        200.0 400.0
0 1 4826 1983  0.          0.         -0.00947718  0.999955   0.0132508 1.61094   0.        200.0 400.0
0 1 4821 1984  0.          0.         -0.00503809  0.999987   0.257156 1.60766  0.       200.0 400.0
0 1 4823 1986  0.          0.         -0.00439053  0.99999    0.294931 1.60532  0.       200.0 400.0
0 1 4823 1989 0.00000e+00 0.00000e+00 6.83272e-04 1.00000e+00 0.427363 1.60394  0.       200.0 400.0
0 1 4836 1991  0.         0.        -0.0056335  0.999984  0.0682731 1.60885   0.        200.0 400.0
0 1 4820 1992 0.         0.         0.00573457 0.999984   0.765689 1.60046  0.       200.0 400.0
0 1 4836 1993  0.          0.         -0.00252323  0.999997   0.169396 1.60592  0.       200.0 400.0
0 1 4834 1994 0.         0.         0.00753743 0.999972   0.259719 1.60627  0.       200.0 400.0
0 1 4834 1996 0.         0.         0.00858127 0.999963   0.345029 1.6053   0.       200.0 400.0
0 1 4838 1997 0.         0.         0.00604388 0.999982   0.268349 1.61014  0.       200.0 400.0
0 1 4841 1998 0.         0.         0.00192282 0.999998   0.201289 1.6133   0.       200.0 400.0
0 1 4840 1999 0.        0.        0.0056341 0.999984  0.282558 1.60904  0.       200.0 400.0
0 1 4839 2000 0.         0.         0.00564194 0.999984   0.368205 1.60975  0.       200.0 400.0
0 1 4841 2001 0.        0.        0.0026691 0.999996  0.331101 1.61185  0.       200.0 400.0
0 1 4844 2003 0.         0.         0.00280886 0.999996   0.291133 1.61172  0.       200.0 400.0
0 1 4847 2004 0.         0.         0.00295188 0.999996   0.208222 1.61588  0.       200.0 400.0
0 1 4850 2005 0.         0.         0.00347401 0.999994   0.117292 1.61915  0.       200.0 400.0
0 1 4850 2006 0.         0.         0.00366262 0.999993   0.151042 1.62005  0.       200.0 400.0
0 1 4849 2007 0.         0.         0.00275344 0.999996   0.242108 1.62162  0.       200.0 400.0
0 1 4856 2010 0.         0.         0.00293449 0.999996   0.135589 1.62626  0.       200.0 400.0
0 1 4854 2012 0.         0.         0.00234607 0.999997   0.303376 1.62694  0.       200.0 400.0
0 1 4858 2013 0.00000e+00 0.00000e+00 6.60124e-04 1.00000e+00 0.229563 1.63054  0.       200.0 400.0
0 1 4860 2014 0.00000e+00 0.00000e+00 5.04969e-04 1.00000e+00 0.16713 1.63141 0.      200.0 400.0
0 1 4862 2016 0.         0.         0.00334592 0.999994   0.122488 1.63208  0.       200.0 400.0
0 1 4862 2017 0.         0.         0.00273709 0.999996   0.247144 1.63427  0.       200.0 400.0
0 1 4864 2019  0.00000e+00  0.00000e+00 -5.96192e-04  1.00000e+00 0.272027 1.63944  0.       200.0 400.0
0 1 4864 2020  0.00000e+00  0.00000e+00 -7.56365e-05  1.00000e+00 0.308511 1.63823  0.       200.0 400.0
0 1 4866 2022 0.00000e+00 0.00000e+00 5.32174e-04 1.00000e+00 0.352448 1.64293  0.       200.0 400.0
0 1 3913 2024  0.        0.       -0.173094  0.984905 -0.537043  0.224911  0.       200.0 400.0
0 1 3920 2025 0.       0.       0.999966 0.008217 1.23761 1.4403  0.      200.0 400.0
0 1 3909 2026  0.000e+00  0.000e+00  1.000e+00 -9.017e-04 1.55815 1.43283 0.      200.0 400.0
0 1 3909 2027  0.          0.          0.99999    -0.00455698 1.46334 1.4385  0.      200.0 400.0
0 1 3908 2029  0.        0.       -0.107692  0.994184 0.050656  0.0835304 0.        200.0 400.0
0 1 3906 2030  0.        0.       -0.118332  0.992974 0.192229  0.0894598 0.        200.0 400.0
0 1 3903 2032  0.        0.       -0.180164  0.983637 0.304106 0.160641 0.       200.0 400.0
0 1 3901 2033  0.          0.          0.999983   -0.00589652 1.66582 1.44127 0.      200.0 400.0
0 1 3901 2034 0.00000e+00 0.00000e+00 1.00000e+00 4.02076e-04 1.64723 1.43465 0.      200.0 400.0
0 1 3909 2035  0.        0.       -0.561684  0.827352 -0.00264524  0.871288    0.         200.0 400.0
0 1 3907 2036  0.        0.       -0.601389  0.798956 0.113209 1.00549  0.       200.0 400.0
0 1 3893 2039  0.        0.       -0.695984  0.718057 1.02037 1.35166 0.      200.0 400.0
0 1 3890 2041  0.        0.       -0.204015  0.978968 1.05632  0.134662 0.       200.0 400.0
0 1 3889 2042  0.        0.       -0.302115  0.953271 0.829289 0.195305 0.       200.0 400.0
0 1 3887 2043  0.        0.       -0.708389  0.705822 1.18348 1.21645 0.      200.0 400.0
0 1 3884 2045  0.        0.       -0.706939  0.707275 1.29577 1.09233 0.      200.0 400.0
0 1 3889 2046  0.        0.       -0.701132  0.713032 1.19482 1.1105  0.      200.0 400.0
0 1 3887 2047  0.        0.       -0.707572  0.706641 1.19632 1.04633 0.      200.0 400.0
0 1 3874 2050  0.        0.       -0.717429  0.696632 1.60084  0.396304 0.       200.0 400.0
0 1 3881 2053  0.        0.       -0.704068  0.710132 -0.337869  0.74074   0.       200.0 400.0
0 1 3875 2061  0.        0.       -0.712501  0.701671 1.51475  0.359146 0.       200.0 400.0
0 1 1729 2062  0.          0.         -0.00128446  0.999999   0.0780763 1.54779   0.        200.0 400.0
0 1 1735 2063 0.         0.         0.00360228 0.999994   -0.087695  1.53817   0.       200.0 400.0
0 1 1746 2064  0.         0.        -0.0381559  0.999272  -0.316197  0.126413  0.       200.0 400.0
0 1 3868 2072  0.        0.       -0.703688  0.710509  1.77641  -0.205353  0.       200.0 400.0
0 1 1751 2073 0.00000e+00 0.00000e+00 7.57983e-04 1.00000e+00 0.225276 1.62219  0.       200.0 400.0
0 1 1746 2079  0.          0.         -0.00638577  0.99998    0.780598 1.62739  0.       200.0 400.0
0 1 1766 2086  0.         0.        -0.0159801  0.999872  0.416056 1.64742  0.       200.0 400.0
0 1 1780 2092  0.         0.        -0.0374461  0.999299  0.203941 1.63053  0.       200.0 400.0
0 1 1785 2105  0.         0.        -0.0345167  0.999404  0.62059 1.56663 0.      200.0 400.0
0 1 1779 2106  0.         0.        -0.0182505  0.999833  0.831785 1.57993  0.       200.0 400.0
0 1 1790 2113  0.         0.        -0.0276219  0.999618  0.823729 1.53986  0.       200.0 400.0
0 1 1790 2114  0.         0.        -0.0283525  0.999598  0.86635 1.53833 0.      200.0 400.0
0 1 1789 2115  0.         0.        -0.0306367  0.999531  0.838498 1.53648  0.       200.0 400.0
0 1 1816 2118  0.         0.        -0.0360742  0.999349  4.20296e-04 1.56779e+00 0.00000e+00 200.0 400.0
0 1 1818 2119  0.         0.        -0.0386534  0.999253  -0.0543076  1.57021    0.        200.0 400.0
0 1 1818 2120  0.         0.        -0.0375364  0.999295  -0.012722  1.56598   0.       200.0 400.0
0 1 1822 2121  0.         0.        -0.0357796  0.99936   -0.055717  1.56184   0.       200.0 400.0
0 1 1822 2122  0.         0.        -0.0345977  0.999401  -0.0130727  1.55432    0.        200.0 400.0
0 1 1804 2124  0.         0.        -0.0290823  0.999577  0.856088 1.52703  0.       200.0 400.0
0 1 1804 2125  0.         0.        -0.0267774  0.999641  0.893555 1.51934  0.       200.0 400.0
0 1 1828 2126  0.         0.        -0.0348499  0.999393  0.00252937 1.54896    0.         200.0 400.0
0 1 1827 2127  0.         0.        -0.0331722  0.99945   0.0725482 1.54189   0.        200.0 400.0
0 1 1826 2129  0.         0.        -0.0327967  0.999462  0.252116 1.53529  0.       200.0 400.0
0 1 1813 2130  0.         0.        -0.0258416  0.999666  0.756329 1.50952  0.       200.0 400.0
0 1 1828 2131  0.         0.        -0.0315065  0.999504  0.304113 1.52229  0.       200.0 400.0
0 1 1834 2132  0.         0.        -0.0358564  0.999357  0.0996769 1.53748   0.        200.0 400.0
0 1 5017 2134  0.         0.        -0.0245922  0.999698  -0.364961  1.74712   0.       200.0 400.0
0 1 5017 2135 0.        0.        0.0755567 0.997142  -0.377253  1.55577   0.       200.0 400.0
0 1 5018 2136  0.         0.        -0.0279086  0.99961   -0.271609  1.74999   0.       200.0 400.0
0 1 5018 2137  0.        0.       -0.030527  0.999534 -0.186491  1.7517    0.       200.0 400.0
0 1 5018 2138  0.         0.        -0.0329379  0.999457  -0.134646  1.74973   0.       200.0 400.0
0 1 5020 2140  0.         0.        -0.0333578  0.999443  -0.0466737  1.74005    0.        200.0 400.0
0 1 5020 2141  0.         0.        -0.0290311  0.999579  -0.0247912  1.73402    0.        200.0 400.0
0 1 5092 2169  0.        0.       -0.435424  0.900225 -0.605283  1.14287   0.       200.0 400.0
0 1 5092 2170  0.        0.       -0.431866  0.901938 -0.595843  1.11639   0.       200.0 400.0
0 1 5090 2172  0.        0.       -0.425844  0.904797 -0.479204  1.04169   0.       200.0 400.0
0 1 5087 2173  0.        0.       -0.412162  0.911111 -0.3961    0.993523  0.       200.0 400.0
0 1 5087 2174  0.        0.       -0.408419  0.912795 -0.361554  0.949743  0.       200.0 400.0
0 1 5085 2176  0.        0.       -0.401775  0.915738 -0.225341  0.873523  0.       200.0 400.0
0 1 5083 2177  0.        0.       -0.403838  0.914831 -0.118044  0.848714  0.       200.0 400.0
0 1 5087 2178  0.        0.       -0.410805  0.911723 -0.0381688  1.66856    0.        200.0 400.0
0 1 5080 2179  0.        0.       -0.413272  0.910608 0.289369 1.62818  0.       200.0 400.0
0 1 5078 2180  0.        0.       -0.403869  0.914817 0.104474 0.779482 0.       200.0 400.0
0 1 5068 2182  0.        0.       -0.35374   0.935344 0.607302 0.653903 0.       200.0 400.0
0 1 5068 2183  0.        0.       -0.369343  0.929293 0.577885 0.700801 0.       200.0 400.0
0 1 5068 2184  0.        0.       -0.386638  0.922232 0.259716 0.921963 0.       200.0 400.0
0 1 5068 2189  0.        0.       -0.380486  0.924787 0.805042 1.1181   0.       200.0 400.0
0 1 5065 2190  0.        0.       -0.363557  0.931572 0.923601 1.1364   0.       200.0 400.0
0 1 5065 2191  0.        0.       -0.363167  0.931724 0.961936 1.07383  0.       200.0 400.0
0 1 5062 2196  0.        0.       -0.351713  0.936108 1.16836  0.886581 0.       200.0 400.0
0 1 1895 2209 0.       0.       0.19654  0.980496 0.448253 2.26297  0.       200.0 400.0
0 1 5062 2214  0.        0.       -0.349775  0.936834 1.87369  0.454864 0.       200.0 400.0
0 1 5062 2215  0.        0.       -0.352702  0.935736 1.95352  0.408194 0.       200.0 400.0
0 1 5065 2216  0.        0.       -0.358225  0.933635 1.84537  0.362415 0.       200.0 400.0
0 1 5062 2222  0.        0.       -0.347422  0.937709 2.2124   0.203788 0.       200.0 400.0
0 1 5067 2224  0.        0.       -0.362806  0.931865 2.17745  0.124709 0.       200.0 400.0
0 1 5094 2276 0.       0.       0.233125 0.972447  2.48636  -0.899986  0.       200.0 400.0
0 1 4403 4658 0.       0.       0.365508 0.930808  0.542313 -0.704446  0.       200.0 400.0
0 1 4405 4659 0.       0.       0.338057 0.941126  0.515429 -0.710379  0.       200.0 400.0
0 1 4408 4661 0.       0.       0.307859 0.951432  0.443871 -0.716228  0.       200.0 400.0
0 1 4410 4662 0.       0.       0.24479  0.969576  0.360784 -0.67236   0.       200.0 400.0
0 1 4412 4663 0.       0.       0.219922 0.975517  0.295857 -0.643879  0.       200.0 400.0
0 1 4413 4664 0.       0.       0.252904 0.967491  0.352239 -0.65575   0.       200.0 400.0
0 1 4425 4666 0.        0.        0.0941552 0.995558  -0.244861 -0.611909  0.       200.0 400.0
0 1 4419 4667 0.       0.       0.172688 0.984977  0.102921 -0.628222  0.       200.0 400.0
0 1 4465 4668 0.        0.        0.0654607 0.997855  -1.55389  -0.787634  0.       200.0 400.0
0 1 4464 4670  0.          0.         -0.00621408  0.999981   -1.45855  -0.519506  0.       200.0 400.0
0 1 4464 4671 0.        0.        0.0531086 0.998589  -1.20106  -0.717909  0.       200.0 400.0
0 1 4463 4672 0.         0.         0.00768676 0.99997    -1.39958  -0.595952  0.       200.0 400.0
0 1 4460 4674  0.         0.        -0.0162154  0.999869  -1.31172  -0.496139  0.       200.0 400.0
0 1 4463 4675 0.        0.        0.0578345 0.998326  -1.30265  -0.768375  0.       200.0 400.0
0 1 4463 4676  0.         0.        -0.0199945  0.9998    -1.54719  -0.494716  0.       200.0 400.0
0 1 4405 4677 0.       0.       0.333394 0.942788  0.873803 -0.499421  0.       200.0 400.0
0 1 4423 4678 0.        0.        0.0289953 0.99958   -0.174413 -0.528207  0.       200.0 400.0
0 1 4419 4686 0.        0.        0.0731207 0.997323   0.0726304 -0.55997    0.        200.0 400.0
0 1 4422 4699 0.       0.       0.221153 0.975239  0.341476 -0.774482  0.       200.0 400.0
0 1 4422 4700 0.       0.       0.216452 0.976293  0.337841 -0.767859  0.       200.0 400.0
0 1 4417 4704 0.       0.       0.261942 0.965084  0.778195 -0.571132  0.       200.0 400.0
0 1 4425 4712 0.       0.       0.202092 0.979367  0.380354 -0.652312  0.       200.0 400.0
0 1 4433 4722 0.       0.       0.239854 0.970809  0.144563 -0.717655  0.       200.0 400.0
0 1 4431 4723 0.       0.       0.241129 0.970493  0.230982 -0.697346  0.       200.0 400.0
0 1 4430 4724 0.       0.       0.177682 0.984088  0.344395 -0.60371   0.       200.0 400.0
0 1 4442 4740 0.       0.       0.35532  0.934745  0.149711 -0.466333  0.       200.0 400.0
0 1 4438 4741 0.       0.       0.359275 0.933232  0.28897  -0.472538  0.       200.0 400.0
0 1 4438 4742 0.       0.       0.362323 0.932053  0.312914 -0.453811  0.       200.0 400.0
0 1 4437 4743 0.       0.       0.356704 0.934217  0.413886 -0.447425  0.       200.0 400.0
0 1 4460 4745 0.       0.       0.245853 0.969307 -0.459734  -0.0343884  0.        200.0 400.0
0 1 4460 4746 0.       0.       0.295302 0.955404 -0.383354 -0.166241  0.       200.0 400.0
0 1 4460 4747 0.       0.       0.300727 0.95371  -0.339583 -0.166576  0.       200.0 400.0
0 1 4460 4748 0.       0.       0.318896 0.94779  -0.400366 -0.227798  0.       200.0 400.0
0 1 4443 4749 0.       0.       0.362355 0.93204   0.248398 -0.408987  0.       200.0 400.0
0 1 4451 4750 0.       0.       0.336008 0.941859  0.0714362 -0.332865   0.        200.0 400.0
0 1 4446 4751 0.       0.       0.27297  0.962023  0.23472  -0.349693  0.       200.0 400.0
0 1 4463 4753 0.       0.       0.260507 0.965472 -0.155108 -0.138662  0.       200.0 400.0
0 1 4464 4754 0.       0.       0.242259 0.970212 -0.266588  -0.0346852  0.        200.0 400.0
0 1 4449 4755 0.       0.       0.262486 0.964936  0.325517 -0.271015  0.       200.0 400.0
0 1 4463 4756 0.       0.       0.149443 0.98877  -0.00120868 -0.077458    0.         200.0 400.0
0 1 4464 4757 0.       0.       0.126655 0.991947 -0.300956  0.106783  0.       200.0 400.0
0 1 4464 4758 0.        0.        0.0897395 0.995965  -0.052011   0.0806893  0.        200.0 400.0
0 1 4464 4759 0.       0.       0.177116 0.98419  -0.186936    0.00613403  0.         200.0 400.0
0 1 4465 4761 0.       0.       0.14393  0.989588 -0.12716   -0.0245793  0.        200.0 400.0
0 1 4467 4762  0.00000e+00  0.00000e+00 -1.21947e-04  1.00000e+00 -0.16848   0.130482  0.       200.0 400.0
0 1 4467 4763 0.        0.        0.0702951 0.997526  -0.105312  0.091378  0.       200.0 400.0
0 1 4468 4765  0.        0.       -0.035027  0.999386 -0.16539  0.24894  0.      200.0 400.0
0 1 4468 4766  0.         0.        -0.0456602  0.998957  -0.168083  0.253504  0.       200.0 400.0
0 1 4468 4767  0.         0.        -0.0552427  0.998473  -0.180916  0.285501  0.       200.0 400.0
0 1 4468 4768  0.          0.         -0.00851019  0.999964   -0.199617  0.22125   0.       200.0 400.0
0 1 4471 4772  0.         0.        -0.0217293  0.999764  0.0328508 0.171713  0.        200.0 400.0
0 1 4471 4773  0.         0.        -0.0400708  0.999197  0.142036 0.165601 0.       200.0 400.0
0 1 4471 4774  0.         0.        -0.0524021  0.998626  0.201797 0.160654 0.       200.0 400.0
0 1 4472 4775  0.         0.        -0.0485497  0.998821  0.228064 0.158869 0.       200.0 400.0
0 1 4474 4777  0.         0.        -0.0446463  0.999003  0.267482 0.154183 0.       200.0 400.0
0 1 4475 4778  0.         0.        -0.0349761  0.999388  0.327933 0.14336  0.       200.0 400.0
0 1 4474 4779  0.         0.        -0.0255309  0.999674  0.372815 0.138046 0.       200.0 400.0
0 1 4475 4780  0.        0.       -0.025419  0.999677 0.393143 0.14236  0.       200.0 400.0
0 1 4475 4781  0.         0.        -0.0117219  0.999931  0.426639 0.13153  0.       200.0 400.0
0 1 4475 4782  0.         0.        -0.0121937  0.999926  0.459986 0.136995 0.       200.0 400.0
0 1 4477 4783 0.         0.         0.00604729 0.999982   0.403713 0.146759 0.       200.0 400.0
0 1 4478 4785 0.        0.        0.0161128 0.99987   0.580541 0.148017 0.       200.0 400.0
0 1 4480 4786 0.        0.        0.0148886 0.999889  0.55835  0.144077 0.       200.0 400.0
0 1 4481 4787 0.        0.        0.0168508 0.999858  0.554101 0.141963 0.       200.0 400.0
0 1 4480 4789 0.        0.        0.0158941 0.999874  0.579945 0.138212 0.       200.0 400.0
0 1 4480 4790 0.        0.        0.0126348 0.99992   0.602538 0.144647 0.       200.0 400.0
0 1 4481 4791 0.        0.        0.0204198 0.999791  0.599531 0.124357 0.       200.0 400.0
0 1 4482 4792 0.        0.        0.0194932 0.99981   0.63303  0.121391 0.       200.0 400.0
0 1 4484 4793 0.        0.        0.0200087 0.9998    0.56233  0.109035 0.       200.0 400.0
0 1 4484 4795 0.        0.        0.0148851 0.999889  0.595131 0.119191 0.       200.0 400.0
0 1 4484 4796 0.       0.       0.018849 0.999822 0.618516 0.113246 0.       200.0 400.0
0 1 4485 4797 0.        0.        0.0249384 0.999689  0.699793 0.102338 0.       200.0 400.0
0 1 4486 4798 0.        0.        0.0348564 0.999392  0.755467  0.0856288 0.        200.0 400.0
0 1 4487 4799 0.        0.        0.0307526 0.999527  0.759293  0.0923504 0.        200.0 400.0
0 1 4486 4800 0.        0.        0.0332919 0.999446  0.779841  0.0896046 0.        200.0 400.0
0 1 4486 4801 0.        0.        0.0330711 0.999453  0.82146   0.0915223 0.        200.0 400.0
0 1 4487 4802 0.        0.        0.0291427 0.999575  0.859176 0.097361 0.       200.0 400.0
0 1 4489 4803 0.        0.        0.0289481 0.999581  0.814728  0.0989631 0.        200.0 400.0
0 1 4490 4805 0.       0.       0.026776 0.999641 0.819099 0.10194  0.       200.0 400.0
1 0 4835 4553 -9.10535e-05  4.98978e-03  2.22665e-04  9.99988e-01  0.219825   -0.211602   -0.00261333 200.0 0.12622281909473412
1 0 4843 4553 -4.21335e-03  7.95082e-04 -4.41492e-03  9.99981e-01 -0.184599  -0.112237  -0.0201561 200.0 0.12622281909473412
1 0 4849 4569 -7.55633e-05  1.38820e-04  1.00797e-02  9.99949e-01  0.140061   -0.130435   -0.00060878 200.0 0.12622281909473412
0 1 4568 4858  0.         0.        -0.0216416  0.999766  0.307862 0.214161 0.       200.0 400.0
1 0 4855 4561 -6.55202e-04  4.45740e-03  1.04076e-02  9.99936e-01 -0.414586   -0.136775   -0.00181351 200.0 0.12622281909473412
0 1 4570 4859  0.         0.        -0.0219504  0.999759  0.254075 0.214759 0.       200.0 400.0
0 1 4572 4860  0.         0.        -0.0184951  0.999829  0.196478 0.193781 0.       200.0 400.0
0 1 4573 4861  0.        0.       -0.019759  0.999805 0.229565 0.20294  0.       200.0 400.0
0 1 4575 4862  0.         0.        -0.0154319  0.999881  0.185148 0.189174 0.       200.0 400.0
0 1 4577 4863  0.         0.        -0.0155821  0.999879  0.123779 0.200302 0.       200.0 400.0
0 1 4583 4865  0.         0.        -0.0101852  0.999948  0.0590491 0.199025  0.        200.0 400.0
0 1 4583 4866  0.         0.        -0.0102944  0.999947  0.0873052 0.193112  0.        200.0 400.0
0 1 4588 4867  0.          0.         -0.00750936  0.999972   -0.051708  0.189703  0.       200.0 400.0
1 0 4864 4585 -8.16776e-05 -2.08387e-03  5.75538e-04  9.99998e-01  0.187251  -0.129801  -0.0156289 200.0 0.12622281909473412
0 1 4590 4871  0.          0.         -0.00783948  0.999969   0.119265 0.162502 0.       200.0 400.0
1 0 4872 4585  0.0012993  -0.00389842  0.010284    0.999939   -0.304366   -0.157295    0.00164833 200.0 0.12622281909473412
1 0 4877 4593 -1.94653e-04 -5.47751e-03  4.77749e-03  9.99974e-01 -0.457915   -0.179969    0.00152338 200.0 0.12622281909473412
0 1 4610 4883 0.00000e+00 0.00000e+00 2.83488e-04 1.00000e+00 0.00322691 0.111903   0.         200.0 400.0
0 1 4644 4884  0.        0.       -0.168318  0.985733 -1.25001   0.490645  0.       200.0 400.0
0 1 4644 4885  0.        0.       -0.171142  0.985246 -1.1686    0.458236  0.       200.0 400.0
0 1 4644 4886  0.        0.       -0.17269   0.984976 -1.1038    0.445042  0.       200.0 400.0
1 0 4882 4593  8.43556e-04 -5.63511e-03  6.49338e-03  9.99963e-01 -0.623588   -0.190863    0.00196435 200.0 0.12622281909473412
0 1 4644 4887  0.        0.       -0.170476  0.985362 -1.10121   0.425015  0.       200.0 400.0
0 1 4642 4888  0.        0.       -0.152231  0.988345 -0.961951  0.362696  0.       200.0 400.0
0 1 4644 4889  0.        0.       -0.170747  0.985315 -1.03032   0.422749  0.       200.0 400.0
0 1 4623 4891  0.        0.       -0.01209   0.999927 0.015901 0.107643 0.       200.0 400.0
0 1 4617 4892 0.         0.         0.00234328 0.999997   0.370395 0.104642 0.       200.0 400.0
0 1 4623 4893  0.         0.        -0.0120345  0.999928  0.154693 0.103565 0.       200.0 400.0
0 1 4627 4894  0.         0.        -0.0216643  0.999765  0.032873  0.0956873 0.        200.0 400.0
0 1 4618 4896 0.         0.         0.00765487 0.999971   0.629262  0.0783184 0.        200.0 400.0
0 1 4627 4897  0.         0.        -0.0135176  0.999909  0.330519  0.0492531 0.        200.0 400.0
0 1 4618 4898 0.        0.        0.0135763 0.999908  0.796906  0.0527307 0.        200.0 400.0
0 1 4626 4899  0.         0.        -0.0185898  0.999827  0.531197  0.0714655 0.        200.0 400.0
0 1 4626 4901  0.         0.        -0.0203006  0.999794  0.598417  0.0710343 0.        200.0 400.0
0 1 4626 4902  0.         0.        -0.0197135  0.999806  0.698515  0.0600338 0.        200.0 400.0
0 1 4632 4903  0.         0.        -0.0521268  0.99864   0.507604  0.0470501 0.        200.0 400.0
0 1 4619 4904  0.          0.         -0.00296059  0.999996   1.02041   0.0934839 0.        200.0 400.0
0 1 4618 4906  0.         0.        -0.0150512  0.999887  1.26811  0.119246 0.       200.0 400.0
0 1 4625 4907  0.         0.        -0.0348672  0.999392  0.988277  0.0822039 0.        200.0 400.0
0 1 4632 4908  0.         0.        -0.0621544  0.998067  0.794427  0.0375777 0.        200.0 400.0
0 1 0 4917  0.        0.        0.945959 -0.324285 1.23441 1.05372 0.      200.0 400.0
0 1 0 4918  0.        0.        0.953071 -0.302746 1.36313 1.02792 0.      200.0 400.0
0 1 0 4919  0.        0.       -0.672663  0.739949 -0.37418   0.551291  0.       200.0 400.0
0 1 0 4920  0.        0.       -0.663134  0.748501 -0.397927  0.477802  0.       200.0 400.0
0 1 0 4921  0.        0.       -0.684893  0.728644 -0.326364  0.494536  0.       200.0 400.0
0 1 0 4923  0.        0.       -0.699854  0.714286 -0.269197  0.600472  0.       200.0 400.0
0 1 0 4924  0.        0.       -0.68859   0.725151 -0.319551  0.457981  0.       200.0 400.0
0 1 0 4925  0.        0.       -0.698719  0.715396 -0.296386  0.500799  0.       200.0 400.0
0 1 0 4926  0.        0.       -0.709018  0.705191 -0.252027  0.472026  0.       200.0 400.0
0 1 0 4927  0.        0.       -0.701229  0.712936 -0.254752  0.448876  0.       200.0 400.0
0 1 0 4928  0.        0.       -0.698494  0.715616 -0.306075  0.375697  0.       200.0 400.0
0 1 0 4930  0.        0.       -0.702931  0.711258 -0.34442   0.237572  0.       200.0 400.0
0 1 0 4931  0.        0.       -0.717839  0.696209 -0.294457  0.259383  0.       200.0 400.0
0 1 0 4932  0.        0.       -0.710667  0.703529 -0.321055  0.170797  0.       200.0 400.0
0 1 0 4933  0.        0.       -0.722125  0.691763 -0.285152  0.242572  0.       200.0 400.0
0 1 0 4934  0.        0.       -0.713036  0.701127 -0.314573  0.122372  0.       200.0 400.0
0 1 0 4935  0.        0.       -0.719315  0.694684 -0.300009  0.125493  0.       200.0 400.0
0 1 0 4937  0.        0.       -0.723071  0.690774 -0.300403   0.0515302  0.        200.0 400.0
1 0 4936 34 -0.0630238  -0.0170509  -0.00471531  0.997855    0.450454  -0.0826553 -0.137024  200.0 0.12622281909473412
0 1 2965 4945 0.       0.       0.375109 0.926981  0.50135 -0.18427  0.      200.0 400.0
0 1 2969 4946 0.       0.       0.293969 0.955815  0.164679 -0.262255  0.       200.0 400.0
0 1 2970 4947 0.       0.       0.294971 0.955506  0.158702 -0.266386  0.       200.0 400.0
0 1 2964 4948 0.       0.       0.39645  0.918056  0.533424 -0.192638  0.       200.0 400.0
0 1 2964 4949 0.       0.       0.396334 0.918106  0.55942  -0.165649  0.       200.0 400.0
0 1 2965 4950 0.       0.       0.372139 0.928177  0.576342 -0.12293   0.       200.0 400.0
1 0 4944 34 -0.0429913  -0.00861907 -0.0243184   0.998742    0.100413    0.403033   -0.00171767 200.0 0.12622281909473412
0 1 2965 4951 0.       0.       0.372465 0.928046  0.646926  -0.0551167  0.        200.0 400.0
0 1 2951 4952 0.       0.       0.530034 0.847976 1.08514  0.360393 0.       200.0 400.0
0 1 2988 4973 0.       0.       0.189825 0.981818 0.591384  0.0598309 0.        200.0 400.0
0 1 2985 4975 0.       0.       0.221833 0.975085 0.790428 0.133738 0.       200.0 400.0
0 1 2985 4976 0.       0.       0.233957 0.972247 0.88578  0.173255 0.       200.0 400.0
0 1 2985 4977 0.       0.       0.248351 0.96867  0.908204 0.189945 0.       200.0 400.0
0 1 2985 4979 0.       0.       0.263473 0.964667 1.01756  0.237123 0.       200.0 400.0
0 1 2985 4980 0.       0.       0.27276  0.962082 1.04303  0.261083 0.       200.0 400.0
0 1 2988 4981 0.       0.       0.252538 0.967587 1.01964  0.233018 0.       200.0 400.0
0 1 2988 4982 0.       0.       0.256222 0.966618 1.09564  0.273787 0.       200.0 400.0
0 1 2990 4983 0.       0.       0.242783 0.970081 1.05565  0.245566 0.       200.0 400.0
0 1 3024 4984 0.       0.       0.319142 0.947707  0.940432 -0.695972  0.       200.0 400.0
0 1 3012 4990 0.       0.       0.181106 0.983464 1.24979 1.86815 0.      200.0 400.0
0 1 3012 4991 0.       0.       0.193571 0.981086 1.29095 1.90341 0.      200.0 400.0
0 1 3015 4992 0.       0.       0.179901 0.983685 1.26057 1.92433 0.      200.0 400.0
0 1 3016 4994 0.       0.       0.207582 0.978218 1.33996 1.98165 0.      200.0 400.0
0 1 3016 4995 0.       0.       0.206143 0.978522 1.36226 1.99882 0.      200.0 400.0
0 1 3018 4996 0.       0.       0.242196 0.970227 1.34951 1.96164 0.      200.0 400.0
0 1 3007 5001 0.       0.       0.307845 0.951437 0.764548 2.02798  0.       200.0 400.0
0 1 239 5004 0.         0.         0.00166843 0.999999    0.239546 -1.30467   0.       200.0 400.0
0 1 3011 5005 0.       0.       0.295123 0.955459 1.60015 2.12996 0.      200.0 400.0
0 1 3012 5006 0.       0.       0.361902 0.932216 1.588   1.35974 0.      200.0 400.0
0 1 3010 5008 0.       0.       0.391098 0.920349 1.66914 1.43529 0.      200.0 400.0
0 1 3010 5009 0.       0.       0.395026 0.91867  1.6684 1.433  0.     200.0 400.0
0 1 3012 5010 0.       0.       0.359734 0.933055 1.56451 1.19097 0.      200.0 400.0
0 1 3012 5011 0.       0.       0.37646  0.926433 1.60249 1.12582 0.      200.0 400.0
0 1 3011 5012 0.       0.       0.520733 0.85372  1.001    0.676888 0.       200.0 400.0
0 1 3012 5014 0.       0.       0.567965 0.823053 0.958164 0.213782 0.       200.0 400.0
0 1 3015 5015 0.       0.       0.587661 0.809107  1.06471   -0.0790599  0.        200.0 400.0
0 1 3016 5016 0.       0.       0.612054 0.790816 1.02348  0.194118 0.       200.0 400.0
0 1 1448 2295 -0.7381134694546336 -0.2908968990790129 -0.5367228872720552 0.28722124328504534 1.8360536747457665 3.9595070199729 1.8925230996865041 600 1200
0 1 1283 1865 0.7195421278476631 0.5635434233529272 -0.1940178978786481 -0.3564196845726554 0.13058595434366715 -1.9422083228198006 -4.921218816615839 1800 3600
0 1 12 1532 0.5127966081743883 0.5420912444204949 0.3895232914403119 0.5398595435786868 4.932970635138439 1.733654376670958 -3.751049371400753 1800 3600
0 1 4550 2927 0.3736909247429724 0.4500232249348465 0.8043405543472406 -0.10426150975483017 -4.769514927680435 -0.38370384945831226 -2.166386891817831 800 1600
0 1 260 1933 0.3435313720671686 0.4455211243293066 0.2754924121410706 -0.7794876875452835 0.586876225497031 1.5003904983171337 -3.18040575398412 1200 2400
0 1 2817 4757 -0.40330905990053534 0.8708971177092564 -0.2662059364609855 -0.08952324815815149 -4.852568337882124 -2.492865062717413 -3.2218935868069485 2000 4000
0 1 3731 3950 0.0341977348983844 -0.4797756753912636 -0.30335443369781334 0.8225703032486377 -0.43943217232268594 2.2967445204726253 -0.8673390304429605 1200 2400
0 1 3563 1891 -0.4454650872746932 -0.3690794811233752 -0.40441548076911005 -0.7083708855870207 3.0038329876439978 1.6857135948706228 1.254789796496942 1000 2000
0 1 3985 1483 0.03544689765406299 0.7802072171064869 -0.604886730258562 0.15534561267946784 -1.6948777984713481 4.169390114239231 2.272595257344041 400 800
0 1 4473 2539 0.5591501476810299 -0.7363840994330172 0.3512693643174086 -0.14730717614071087 -3.833278393808871 4.561869013644811 3.7974973269032315 2000 4000
0 1 49 3091 0.2698968838043306 0.4400059865101981 -0.6488880604085127 -0.5590122440583726 2.3253417631142828 3.969597175932476 3.6583714556820297 1000 2000
0 1 753 463 0.45725134629594283 0.721393107463319 -0.413940272669208 0.3149073538002972 -0.6140969853551645 0.44530830511185204 -2.903648821619819 600 1200
0 1 4713 42 -0.05718821687305691 -0.35588635209786285 -0.8382346191349022 0.40919083020654506 -0.6735498286621588 -1.8258607434204421 4.79588808084714 1200 2400
0 1 5077 2682 -0.7375039688732997 -0.6084240255774949 0.24546359712636745 0.1601740412238861 -1.8424465006951598 -3.609544040829644 1.2804152388144914 400 800
0 1 3383 2367 0.5516899968226883 0.4862631619689852 -0.4021824866832086 0.545376504923908 3.6532351421847746 -2.9703308379341253 -2.1875230737472395 1400 2800
0 1 96 3845 -0.053842242113347406 -0.5867061874441387 0.723100439017195 -0.3605587575862092 1.7379197220366187 2.637225757689544 2.0770534992535596 2000 4000
0 1 2873 2824 -0.4429885965657463 0.32327030953969677 -0.6792931259352019 0.4876661351170504 3.1451668390962517 -0.8235062103409652 -3.7831485095077086 1600 3200
0 1 16 4920 0.3483719428345297 -0.06822541529506995 0.19555836318979355 -0.914187731672242 -0.3639377097827925 -2.8604771728854264 -1.9775388200657384 1400 2800
0 1 1473 817 -0.1375541572672545 0.7246544918767566 0.5824203886713714 -0.34167413141943287 0.9418405918725803 -2.0916687459789585 4.948510848606771 1600 3200
0 1 1925 1408 -0.4635406435343271 0.5435330762611429 0.6958574371751177 0.0740560188638147 -3.5092988142890302 4.5182144791855645 4.460651104666475 400 800
0 1 3022 3772 -0.48458149155977104 -0.62269413149895 -0.41396576373361527 0.45394398673285746 -4.030230320683983 -3.966591244268569 1.8076453878536558 1800 3600
0 1 168 1879 -0.9098541147876915 -0.0128683146719891 -0.060687336103128944 -0.4102644799615424 -2.524602561288657 2.4098345509550567 -3.5779819453957074 600 1200
0 1 1487 4115 0.03292608016847706 0.4654927962251878 -0.8798805425056644 0.08968032575282246 -1.9637995866180438 -4.284034387782713 4.204342010104902 1200 2400
0 1 1836 4518 0.6915741608134225 0.37753931533285107 -0.5869467791622404 0.18623298285825976 4.69426284741397 2.1548884258954857 2.0442123766737392 400 800
0 1 2429 2598 0.19141710326211392 0.395725137093618 0.62781314886778 -0.6423486269617933 -2.8063551953982655 -3.745214984020536 0.8207622757945456 1200 2400
0 1 3989 2124 -0.4670583868988578 -0.2732534446115603 -0.8407807184599896 0.016637358602174333 1.6385653165257699 0.19319314908518415 -2.9384445438992324 800 1600
0 1 2289 1090 0.2923127855754402 -0.16831376912755514 0.20122565210940369 -0.919636856288583 -4.037119267814075 -2.797118378973751 2.9267514932270835 800 1600
0 1 3166 688 0.07442021500830986 0.7442823011189723 0.6456738816200928 0.15365782255650576 -0.28654942315542975 -1.2006124205360438 0.9064049098346256 1800 3600
0 1 5062 1113 -0.39950850404527216 -0.5448850178560328 -0.24662431236577875 -0.6947443566245403 -0.7192225026186634 2.578844159554505 -2.1462715075900407 800 1600
0 1 1081 3998 0.2939651059159131 -0.6095727050740202 0.5335728810732523 -0.5072530081880013 0.2996748670443452 0.014701098039281213 0.6690605476928031 200 400
0 1 1382 3353 -0.887654432379973 -0.21387159922615653 -0.1995009375781034 -0.35570763785177845 -3.2303245569949954 3.692133812105091 -0.9630046832187986 2000 4000
0 1 1185 3809 0.6287076966014485 0.7585650810153792 0.1265769701099166 -0.11525589241347013 -1.2235052008946132 0.5644879809609833 1.851802275652279 400 800
0 1 541 1857 0.2490594067724067 0.12409763583943062 0.9586562832988128 0.05955937515578395 2.9099407272686673 -3.602309042521019 -1.694637074155799 1200 2400
0 1 1334 2299 0.3864951107110733 0.44126326246491704 -0.20517473244240456 -0.7834612892558511 -0.11468674862770456 4.657702617045402 -3.7739907363063763 1200 2400
0 1 2437 2020 -0.32976344154854187 -0.4590166619231173 -0.6300336293401938 0.5325574171818878 -0.060637331692845464 -3.4302910163693054 2.9416217484394416 600 1200
0 1 2 351 0.10106515625421186 0.16256570109638044 -0.941298209933899 -0.27805738075726627 4.98082201666001 4.340063523122952 -1.2327116888119138 2000 4000
0 1 3661 4631 0.6326034578069106 0.030693991234103834 0.16631781176287075 -0.7557837849301025 -4.497696049134903 1.3881261398486044 1.5855392343059629 800 1600
0 1 4735 4904 -0.5243911441594309 0.4865681247372616 0.07758060667707439 -0.6944398011234988 -4.774644461836774 1.132670773325959 -2.8049401171389956 800 1600
0 1 2344 3920 0.22574600238920314 0.2365527313959314 -0.7369502833678395 -0.5915960002556466 -1.8846933287292353 -4.211944524287049 1.310840432280795 600 1200
0 1 3271 371 0.08129179050310584 0.5329760461827201 0.26812857236452087 -0.7983954206243911 -1.1352704697530216 2.477373012355124 -2.5864745399761278 2000 4000
0 1 4687 1939 0.03940840845749039 0.38008222445779594 -0.9197073714979481 0.09012674856221446 -4.988335315722355 -2.8506858668179036 -4.095001678412093 1000 2000
0 1 2436 4893 0.8028034424820968 0.29387241803864594 -0.5186948710547157 -0.010063070930183743 2.7704976461691615 -2.8316086841950936 2.464914723465851 2000 4000
0 1 3539 4862 0.4192121090488411 -0.12784461020492385 -0.32419324501147634 -0.8383410422717609 -3.6669149074394882 -4.479731108978048 2.784768620328034 1000 2000
0 1 1852 3064 -0.44043811747373185 0.6963186707045126 0.5382930656720177 0.17718676291957225 2.3296470622470906 1.6176303548444189 1.8049693585996405 1800 3600
0 1 3493 1568 0.43296969707618194 -0.45676683020767017 -0.7229387393505693 -0.2850629463504616 1.2420545219751924 2.982870913556784 3.4731078698404065 1400 2800
0 1 1046 3907 0.1852349827851006 -0.37225155296959755 0.569157404072283 -0.7093494426966349 4.486387928376857 -1.206904107688751 2.4591816924894117 1600 3200
0 1 2965 2702 0.707767901503436 -0.3460723176652173 -0.5614099677333065 0.2532141320640204 3.2463082912139836 0.3309343571559653 1.4728951781402362 1800 3600
0 1 4047 3468 0.7578821336202947 -0.25521437799710756 0.2670304075412628 -0.5377499923301221 -1.4962177304436644 0.9221444327469586 1.9668397452703044 400 800
0 1 1971 3797 -0.08869243422737941 0.8191943467579051 -0.44707542714617843 -0.34810607118057174 4.32914610923897 0.3151554694792704 -4.403102016810411 1200 2400
0 1 454 3329 0.29850637687540027 0.05548044123914689 0.8863976389998319 -0.3494496947775956 2.343250905996209 1.8341143622155798 3.152226633027219 200 400
0 1 2300 3465 0.5355836388230452 -0.3100661591818528 0.1775214850093303 -0.7651766234768035 -2.1891008264562553 3.4840038353962495 1.4714641626714853 1800 3600
0 1 275 4454 0.5146206815195804 0.618851303642529 0.5080583360744314 0.3067007422187717 -3.420661448335416 -4.489105509907587 4.5556168822426635 1600 3200
0 1 1379 3829 0.792586776464386 -0.4572962976217553 -0.05397355905711769 0.3997163405190438 1.5380695047021788 2.344527875290723 -2.523199916231109 1200 2400
0 1 3842 538 -0.4707854089522797 0.43615988832412933 0.5556940399405248 -0.5285165886793869 -3.9342594632989316 0.6603644739449859 2.664879860835213 800 1600
0 1 1364 2060 -0.23366142938028892 -0.39504260530298235 0.5681558325171525 -0.6830392568455591 -1.754216273966207 1.8150265120617473 -1.1033257380600494 1200 2400
0 1 3498 1715 -0.13162697117106315 0.20011718152211466 -0.7922003506101748 -0.5612896387900754 -2.4492054750811154 3.566900444621094 -4.3647904366483035 600 1200
0 1 4432 3295 0.09450908353707929 0.9034740371045596 0.09184028371610958 -0.407882409149886 2.3882442343163977 2.686652124129079 1.335209480298797 1400 2800
0 1 1426 2896 -0.2820126777717028 -0.4982583471787882 0.5207320978806359 -0.6332815734564899 -1.4881454674938777 -2.8912605411578287 -0.08319553278716718 1800 3600
0 1 4671 4722 -0.14189999538146694 0.6159535737286074 -0.07658252033989237 -0.7711035623702479 -3.012173089506669 -1.725821923839146 -0.4230086514199538 800 1600
0 1 5035 3766 -0.19594950740035788 0.7820659891328307 -0.2500604986466766 0.5361402113326509 -3.679911537450274 -3.111205101014244 4.622549996682096 800 1600
0 1 2157 1013 0.5721304750697344 -0.5253509944233162 -0.28085049545515817 -0.563734025367908 -3.641188790269132 -0.2648035217090232 -4.491543657531118 200 400
0 1 254 1168 0.32017462030583926 -0.6883901676344253 -0.13036740329161817 -0.6376609834192933 -0.4390994181901666 -1.8189198009046779 0.3868332190395396 1400 2800
0 1 4593 2567 -0.36115354499365454 -0.7485770383139432 -0.5149963842076308 0.20971232415074678 4.390736062486955 -1.0520206109385724 -0.8943362476134356 1600 3200
0 1 4404 3287 -0.15879169727413503 -0.5500896799163051 -0.7758172105856159 -0.26513052763786116 -3.9918629507966874 2.66204895621561 2.0954025310444093 2000 4000
0 1 3959 1895 0.11234375707062545 0.7118541500795161 0.032622218868674537 0.6925159493455081 -3.053779301141014 -1.9210149679738633 -3.1340326244614047 2000 4000
0 1 2819 4393 -0.2780817259251961 -0.0069411035620012195 0.9077029249411673 0.31416202004866095 0.43432277053508717 2.2396684140019376 0.27626539726354693 400 800
0 1 478 569 0.6109586814799363 -0.3597936582245008 -0.30434412557432006 0.6361231533705808 -1.4845209129648982 0.39631825599387405 -1.6113207095223636 1400 2800
0 1 800 2704 0.30631222362050464 0.39737553294217154 -0.5597581207237521 0.6594970460611635 -0.06836190522441221 -2.5648191242379745 3.350053794361484 1600 3200
0 1 84 656 0.26652361222057963 0.5621563238463119 0.7264160989916041 -0.2920018541282141 2.0140969397478994 -3.552043909070395 3.1458098056455075 1000 2000
0 1 858 1943 -0.19834608921939206 0.382541478772357 0.6674900854813292 -0.607270805896479 3.542237561666866 2.1936975373385437 -2.6833689865123356 1600 3200
0 1 4003 2485 0.5242215213614457 -0.497697522785222 -0.491193947806074 0.48602209619895737 1.8055610924380403 3.141009402299545 1.0651498118544946 1600 3200
0 1 1217 1133 -0.39169218835839087 -0.29047176943399444 -0.08478512269623734 0.868915912911188 2.1032689975733954 0.0029697667829591268 -4.181449601483084 600 1200
0 1 1257 2054 0.8024553102060509 -0.21937114472383473 0.325232954855561 0.4496279584952271 -3.8776633312305786 -4.421344429490865 2.9402544780267625 400 800
0 1 1582 1015 0.015604437049023147 0.31622482433942734 -0.5439694555860629 0.7770814586678052 3.7338574791076464 -2.2257410834791957 3.741203154892057 1400 2800
0 1 4000 1995 0.5208948499493449 0.6204196203914594 0.5800843385313532 0.08514816568904582 -2.1356007090021056 -0.7516759654557621 0.7066461399934889 1200 2400
0 1 2203 501 -0.8077396091020962 -0.037095583125180014 0.014372365435495364 -0.5881956109254678 4.957380467340924 -3.2612475563247645 -1.5598268832816187 400 800
0 1 2886 938 -0.34979299546664666 -0.708638611385408 0.2324287176473038 0.5669683148016837 3.4681022555758396 1.1399716906410164 3.1813387714249313 1200 2400
0 1 2382 278 0.6929316891401736 -0.39198827935528835 -0.3783019511514758 0.47231186390817315 1.7450309077797375 -4.071672412564906 4.483784059121767 600 1200
0 1 4447 3472 -0.1687896579456343 -0.7228312905247184 -0.6040125242549796 -0.2901617606647948 -1.4997987250706868 4.779367643821702 3.8223030439296863 1200 2400
0 1 1386 4590 0.7054702642731948 -0.5666595064062805 -0.4018568860329733 -0.1404270386128725 0.7109450811460842 4.4690886395203115 -0.17156037229419052 200 400
0 1 1201 4120 -0.1392155960835542 0.708168298478925 0.25506224413922096 0.643474887195475 3.3751793617056443 -2.5091623189887944 1.4461420700606578 2000 4000
0 1 4536 2230 -0.5611124575474296 0.8134296845318996 -0.06643055933643505 0.1381011914998088 4.601765059277417 -3.0590443690221756 -2.5126366136830605 1400 2800
0 1 4613 3031 0.274766814232277 0.4536033188962474 0.5593148462221423 -0.6371139063609079 -4.930166525895751 -1.1204260832724957 2.4141860358899194 400 800
0 1 2554 259 -0.3388555200923201 -0.4804614752345323 0.7081467331768511 -0.3909755895313336 1.9079900562397718 4.95235726882491 1.7751343807277928 200 400
0 1 2586 2436 -0.5444596723623721 -0.31531170115697293 0.7550229886880401 0.18461441665572553 -4.712776523283644 -2.1695232126368227 4.695050605136343 1200 2400
0 1 1846 2349 0.02064156406860441 0.48222863299214597 0.7333824986206584 0.4787270433892864 2.7764019712592445 -1.2215302182275956 -4.4812270161971455 1400 2800
0 1 2069 2468 0.8562085510470718 -0.3507675742300545 -0.33231543656409834 -0.18285370273486337 -3.075815951615939 -0.8233023294191257 -0.8223259062182677 1200 2400
0 1 886 2766 -0.17214523029055007 -0.48579476943896893 0.8295987140982224 0.21479160886898835 -1.5434152249302069 -2.292626864744187 0.7958999235634501 600 1200
0 1 4043 1201 0.7381037299908598 -0.2086171399740336 0.4748795162733418 -0.43147562817224233 1.8341243670259857 -0.7438502011779358 -3.959191488882101 600 1200
0 1 2818 1538 0.55285812374634 0.826810483792085 -0.09687633230628531 -0.0367055191770549 1.5977997384122924 -0.18769691337414507 -4.803365292314781 1200 2400
0 1 1101 1073 -0.04339625425974129 -0.671600394445471 -0.5002319742181843 0.5448280896454305 -1.4348636071846599 -4.90155114631876 -0.23315409937128528 2000 4000
0 1 3950 3648 0.8474678753080059 -0.33714689896644096 -0.22695740642473772 -0.3414974443640876 -4.227146285067988 -4.5861595744985815 3.2249168741232896 200 400
0 1 1797 3106 0.1532772638507041 0.6938730464696041 0.6991428610291086 0.07902870137782023 1.1470520613682407 3.1042820209635362 -2.848698467368034 1000 2000
0 1 3207 524 0.4626423890880511 0.3466212639359974 0.12116504716531759 -0.8069292103720983 -3.7964944660238364 0.29256337443106073 2.659060246790683 1800 3600
0 1 1797 1912 -0.6956239613002023 0.39935337186621533 0.21826628823328365 -0.5558633071762914 -0.4509075801920046 -0.8272645087708543 -1.073866935530945 2000 4000
0 1 3457 3364 0.3639018998562054 0.6764144543759989 0.4950041240662299 -0.40621399575800954 3.6011138370280342 -0.7240516476926366 -1.082575795293057 400 800
0 1 4017 4302 0.5832005356694278 0.6388925593320175 0.2476414010135907 -0.4363108631802593 -2.8548930350339505 -2.045548331099989 3.0103653277626403 800 1600
0 1 2401 2635 0.4685134863724062 0.5407708767558528 0.20389078254186457 -0.6681994617884283 3.6912047949309503 -2.0236577095857244 -3.0642694310306573 2000 4000
0 1 2431 3246 -0.888590354398197 0.2049407206343917 -0.32437269818637443 0.25137389635289187 -0.7166707777298367 -1.546434538766869 -3.286305838079868 2000 4000
0 1 2955 3566 0.13397996627104666 -0.6101830710414633 0.6932047270543931 -0.35943454875938463 -0.14807728577334167 -3.9966387544607263 -0.15327010164089572 1400 2800
0 1 4700 4256 -0.4999330770158797 -0.4224589899148496 -0.4403801684487493 0.6145409893429492 -2.9367437965304513 -4.664830350952109 0.6609967964510854 1800 3600
0 1 3534 4238 0.5854448040572117 -0.486402592764849 -0.2407741756494323 -0.6022413930430072 3.5546647340502044 -4.3367140866632266 -0.9168779828896909 1800 3600
0 1 2362 554 -0.11094490578706952 0.4497866978985557 0.2082966477196151 0.8613916999961065 2.010751074045272 2.101923124335774 3.1748754615851116 1000 2000
0 1 1949 3601 0.18874388275225706 0.5696661589135885 -0.3337983051774673 -0.726935282933007 4.019450147624664 -3.045109220420845 4.295174053793501 200 400
0 1 373 3230 -0.10569145481779056 -0.43847836438087184 0.7423801911858787 -0.49541668530964145 1.7206034484437538 0.5065728668723644 -3.892152565490016 1400 2800
0 1 635 112 -0.5856913555400648 0.18077248314397248 0.38468975233004066 -0.6901454483193058 -2.5827905788849326 0.03850535324747906 -0.8785391421297337 1000 2000
0 1 621 560 0.4464132949092729 -0.04108205825523029 -0.8909152328526494 -0.07278380650165095 -4.527964579278852 1.8338343215748463 -1.2776846091799388 200 400
0 1 2608 3188 0.7820066067872521 0.6191384048280246 0.04532355607589685 -0.055489439290122095 -0.74557286743463 -3.685138289273613 -0.5701467181931381 400 800
0 1 4187 605 0.3343859699273442 -0.3229818700617831 0.7061674636677631 0.5340376840487769 -3.1570940782785395 -1.9057812254334294 -3.837770692870053 1400 2800
0 1 3446 2467 0.5959930631428989 0.07215327292149093 0.10208092097927059 -0.7931996340545583 2.456801198101063 2.7349464208468355 -4.567099884083722 1400 2800
0 1 4080 4035 -0.6777395654410925 0.40436088006804977 -0.5536041845681037 0.2658641888916153 -3.590341604957513 1.6763393899356673 4.208646979620475 1800 3600
0 1 346 3050 -0.6005126780545059 0.5496685611107889 -0.2488532621593886 -0.5247104442783953 4.118444328025774 -4.297029477168074 0.7009672822632576 1000 2000
0 1 3137 1167 -0.6774810011614919 -0.4214889445393178 -0.25023852561869536 0.5484042696702279 2.979080922308298 -0.8253567611490942 0.05937653889703576 200 400
0 1 1492 397 0.6230104306028338 -0.2959664447907224 0.7027412575223293 0.17440353177027987 -2.8594343477856334 4.0814342437892925 2.3683981147358315 1200 2400
0 1 3248 3264 -0.005839746576734253 -0.13450973149524456 -0.7991627903968163 -0.58584286625184 -4.207090928422957 1.5216970375102186 4.00702186601422 600 1200
0 1 3377 1100 -0.6305484350602231 0.3256219255551735 0.409313422222212 0.5734470812809024 -3.0990252994116596 -3.800069386943048 -0.09658285868300087 2000 4000
0 1 2356 3038 0.06630725456163361 0.9898323829061417 0.12570790424134895 0.005720537920150308 1.0553847992265855 1.118493188066262 0.29152885207964996 1800 3600
0 1 3138 1783 0.9134552152165349 -0.27369219096311037 0.02823411144854964 0.29982493116856873 4.607978454354013 -2.220650843310046 4.1011960093215745 1800 3600
0 1 1322 4371 -0.16717038889817434 0.5925355356748377 -0.5147368680693382 -0.5966587439134154 -1.0345601189635345 -2.398050596315242 3.0738743808470996 1400 2800
0 1 3737 1162 -0.11738802381229353 0.7162444422603227 -0.537323396455518 -0.4295317432020012 1.6507370276743032 2.640965977204238 -1.8145745798217119 1400 2800
0 1 3549 3982 -0.513203512983744 0.6244095976482326 0.4752398768584499 0.3476806984425249 -3.7312367493877807 3.0100045582697295 -4.897791343472738 1200 2400
0 1 2834 372 0.30495351719792435 0.11423881454167983 0.5986447822986107 0.7318314493292672 -3.836915697171177 2.3443129060383248 4.62876658323232 1400 2800
0 1 119 3763 0.2238412431246733 0.20946692516442564 -0.7160732241575846 -0.6271027370241048 -1.7421921803679097 1.0985338375044407 2.5979978559511316 1600 3200
0 1 4640 1844 -0.07379045705474757 0.41271344547021666 0.9067650348267227 0.044718586644108806 -4.40664032828947 4.418986059003769 -0.25352348927540014 2000 4000
0 1 1232 2392 0.5962361933731763 -0.32539284986482 -0.6942560372907332 -0.23797153118405395 3.618695849288807 3.2197517304309944 0.9864226176439104 1400 2800
0 1 1914 3606 0.35755225657527623 -0.2606859362000032 -0.19544684198379364 -0.8752141214834332 -0.9008549273084112 2.1383614449914568 4.3228669320812845 800 1600
0 1 3457 1477 0.6963290537328884 0.6655229513034473 -0.21712453306975307 0.15830978287854164 -1.6709152961118914 4.891455793609067 0.9408198262904861 1200 2400
0 1 1693 1452 0.4223985317177339 -0.7143294175498164 -0.37599223597242465 0.4122411941013405 -2.2099149070362945 -4.84487563279897 0.9392802302661991 1000 2000
0 1 3465 3562 0.002359261891921252 -0.05864242318001533 0.17616053407726587 0.9826102820144483 0.49848935962444507 1.0643283449557162 2.615796602830093 200 400
0 1 538 691 -0.6780721072805675 0.6719665455397499 -0.1274197966665607 0.2691530687562711 3.045536698099072 2.655534885188308 1.8064127052861476 1800 3600
0 1 935 4435 -0.5881224860030748 -0.24153963907007425 -0.21462242389197306 -0.7414227939429672 2.146544862051867 4.806854254390025 -1.2490109583387108 1000 2000
0 1 2427 227 -0.7285907921119734 0.5295872924470055 0.03429428583411659 -0.4330319379531087 4.523360259896558 2.6066153962297065 -1.1814645951147282 1800 3600
0 1 1485 2228 -0.6690229383446202 0.6153436581871359 -0.4047533116247989 0.09967570930955152 -4.264426307103753 3.504727535047728 -3.878259289831283 600 1200
0 1 1682 3255 0.8109687547998454 0.14324307477992737 0.37372807469923985 -0.42677678761570387 4.976117476336334 -1.0817289027499557 -1.3270271077059617 600 1200
0 1 5088 3432 -0.0017930049240290297 0.9640241366758026 0.2578609799502243 0.06451328591015852 4.911720930408771 -4.357814413900347 -3.649184955692293 1600 3200
0 1 4631 620 -0.42968930515154613 -0.021719018772791473 -0.8477610684654955 0.31015569647544783 3.3298026789529267 2.12480266159986 -4.403671938203239 2000 4000
0 1 2063 2750 -0.872449856097194 0.4289406909124718 -0.009641123375364054 -0.23398329217185054 -1.7774843988604285 -2.220693160003284 2.7523595709271866 1600 3200
0 1 4099 1573 0.11884861595102122 -0.23050743188917783 0.8131680951085781 -0.5210556394742015 -4.6485287786125955 -4.0858425759132 -3.995645633361564 2000 4000
0 1 3489 2743 0.5661977804438661 0.019324277468418746 -0.502773263168746 0.6528902599697856 4.7693512553525785 -3.7724212616190336 4.3710365437162775 1000 2000
0 1 5059 407 -0.4063323364245173 -0.6540045941970519 0.48247086646051224 -0.41760494029858514 -0.10974259549293386 4.55062526989175 1.6606482063481742 1000 2000
0 1 1982 1885 0.4367297922135844 0.26469934713963783 -0.7826433108505747 -0.35590840422470993 -3.3079374169183517 -3.7139718039849248 -1.4792067000892875 600 1200
0 1 3431 360 -0.33038681268900516 0.5804404103541753 0.46365046454344067 -0.5822042002233655 -3.2440203685185343 -2.828099826820616 -2.421796668515037 2000 4000
0 1 4395 1645 -0.750849797326306 0.42962107552493983 0.25776934539945123 -0.43035482789458496 -3.883510343465013 3.584660034951966 1.9580024095747177 200 400
0 1 244 452 -0.3303700682380666 -0.7824814878064139 0.41917251970751285 0.32073780253454853 -0.528904106445661 -3.7268970589028196 0.9536067784389939 1600 3200
0 1 3079 4191 -0.1464341709797308 -0.1863425933998714 -0.6523491540645941 0.7199125312464687 -0.7452824740094846 3.5868542714006626 -3.7704400838514243 1400 2800
0 1 3406 2485 0.39236743492246795 -0.6331427450615683 0.26192201977529395 -0.6136570018708295 -1.355975734135538 3.271283843140493 3.0406518132198155 1200 2400
0 1 2210 1232 0.5503655534243942 -0.46059534675443375 0.475953623311761 -0.508348141147806 4.938165256458264 -0.529248916737501 0.39128018471121706 400 800
0 1 2078 379 0.35937219872611276 0.5419880136932393 -0.26614266297381556 -0.7115256135521913 4.3337825256959555 3.019086909037858 -2.2174030895074903 1000 2000
0 1 3527 4216 0.47754608115742825 -0.5313154780566473 0.5609745661622633 0.41828356322915655 -2.277563890691514 -0.35879458436551737 4.612069389912024 600 1200