0 1 1249 0 0.00399119 0.0612355 -0.0228211 0.997854 6.2899 -0.116221 -0.353315 99.90183383561377 9.999999999999998
0 1 1200 0 0.0291234 -0.000744332 -0.0121345 0.999502 0.0357137 -3.20493 -0.0478291 99.97609036145167 9.999999999999998
0 1 1201 1 0.0286809 -0.00280676 -0.0026069 0.999581 -0.200729 -2.95837 -0.0138394 99.98544671940566 9.999999999999998
0 1 1202 2 0.0302147 0.00433889 -0.0187441 0.999358 0.0326011 -3.11654 -0.0152223 99.9608004593145 9.999999999999998
0 1 1203 3 0.0353313 -0.00695281 0.0131621 0.999265 -0.0285094 -3.12084 -0.182164 99.9665869585016 9.999999999999998
0 1 1204 4 0.0284208 -0.00818047 -0.0228283 0.999302 0.0110536 -3.01092 0.027117 99.95099601598214 9.999999999999998
0 1 1205 5 0.0322324 0.00500793 0.00793198 0.999436 0.0674776 -3.06268 -0.0976775 99.97783795887572 9.999999999999998
0 1 1206 6 0.0364384 0.00121143 0.0114141 0.99927 -0.0196083 -2.9626 -0.153325 99.96922025363628 9.999999999999998
0 1 1207 7 0.0373818 0.000310425 -0.00533741 0.999287 0.0859312 -3.26951 -0.0912336 99.97507014793808 9.999999999999998
0 1 1208 8 0.0266437 0.0115531 0.0358015 0.998937 -0.0147072 -3.12703 -0.0531484 99.90075480733681 9.999999999999998
0 1 1209 9 0.0361462 0.00262985 -0.0257357 0.999012 -0.014849 -3.08558 -0.149916 99.93353901960533 9.999999999999998
0 1 1210 10 0.030352 0.00560929 0.00960599 0.999477 0.0938793 -3.08888 -0.0800416 99.97792538695896 9.999999999999998
0 1 1211 11 0.0302671 0.00843378 -0.0166908 0.999367 0.0756502 -3.09672 0.0478999 99.96467557730905 9.999999999999998
0 1 1212 12 0.0198803 0.002217 0.000869875 0.9998 -0.0436352 -3.17113 -0.0700736 99.99333117292329 9.999999999999998
0 1 1213 13 0.0228556 0.000367211 0.00306556 0.999734 -0.0794503 -3.06742 -0.191774 99.99075215939966 9.999999999999998
0 1 1214 14 0.0335613 -0.00349465 -0.045085 0.998413 0.137458 -3.09804 -0.143777 99.8456761271499 9.999999999999998
0 1 1215 15 0.0279503 -0.00801375 -0.0114003 0.999512 -0.12901 -3.00058 -0.155794 99.9772156682086 9.999999999999998
0 1 1216 16 0.0289366 -0.00764905 0.0218276 0.999314 0.19784 -2.96466 -0.0681702 99.9532133528332 9.999999999999998
0 1 1217 17 0.0319932 -0.00332046 -0.007669 0.999453 0.009327 -3.11755 -0.187005 99.97889679116012 9.999999999999998
0 1 1218 18 0.0351466 -0.00581562 -0.0179825 0.999203 -0.216884 -3.15929 -0.000483977 99.957583625873 9.999999999999998
0 1 1219 19 0.0317167 0.00460861 0.00619386 0.999467 -0.0404176 -3.01787 -0.0454893 99.98053721985758 9.999999999999998
0 1 1220 20 0.0435368 -0.00353758 0.00010577 0.999046 -0.0343912 -2.85548 0.0651266 99.96787277125598 9.999999999999998
0 1 1221 21 0.0313185 -0.0100041 -0.0161373 0.999329 0.0500387 -3.16555 -0.0646421 99.96474734279091 9.999999999999998
0 1 1222 22 0.0243579 -0.00548528 -0.00268747 0.999685 -0.0950962 -3.27799 -0.034505 99.9892006059175 9.999999999999998
0 1 1223 23 0.0373093 0.00154958 0.0126838 0.999222 0.000903979 -3.12157 -0.143615 99.96571429248877 9.999999999999998
0 1 1224 24 0.0273509 -0.00511864 -0.0125484 0.999534 0.103299 -2.88434 0.089176 99.97673079904015 9.999999999999998
0 1 1225 25 0.0231461 -0.00253741 -0.0166948 0.999589 -0.0430658 -3.02258 -0.326879 99.97223162863375 9.999999999999998
0 1 1226 26 0.0286282 0.00339718 0.0458152 0.998534 0.131429 -3.06407 -0.116871 99.84617574746862 9.999999999999998
0 1 1227 27 0.0257948 -0.00175971 0.0197868 0.99947 0.0874076 -3.00898 -0.201226 99.96274555812444 9.999999999999998
0 1 1228 28 0.0305247 0.0122943 0.011206 0.999396 0.0221527 -2.92567 -0.00606727 99.97404007136426 9.999999999999998
0 1 1229 29 0.0335949 -0.00039411 -0.0114968 0.999369 -0.0827371 -3.1309 -0.126949 99.97207939383195 9.999999999999998
0 1 1230 30 0.0292503 -0.0117477 -0.00171745 0.999502 -0.00340917 -3.02148 -0.128066 99.98314964719017 9.999999999999998
0 1 1231 31 0.0412793 -0.000708151 -0.0246672 0.998843 -0.0597199 -3.02169 0.0538403 99.93111601798978 9.999999999999998
0 1 1232 32 0.0339534 -0.00062793 0.0157351 0.999299 0.00633811 -3.18101 -0.128797 99.96420428727414 9.999999999999998
0 1 1233 33 0.024663 -0.00638961 -0.0426798 0.998764 0.123263 -2.99847 0.0159669 99.8682555782538 9.999999999999998
0 1 1234 34 0.0391528 0.00232957 0.0208481 0.999013 0.058116 -2.96013 -0.118725 99.94504934532496 9.999999999999998
0 1 1235 35 0.0294964 0.00245052 -0.000821092 0.999562 -0.0321683 -3.14952 -0.17281 99.98521721646792 9.999999999999998
0 1 1236 36 0.0298701 -0.00343679 -0.0555855 0.998001 -0.0432638 -2.92605 -0.126502 99.77874227640754 9.999999999999998
0 1 1237 37 0.0228819 0.0056229 0.0191941 0.999538 -0.164066 -3.11587 -0.138526 99.96662189518419 9.999999999999998
0 1 1238 38 0.0256538 0.000887883 0.0127737 0.999589 0.0922468 -3.03399 0.0613566 99.9778571922625 9.999999999999998
0 1 1239 39 0.0318619 0.000771692 0.0122415 0.999417 -0.0299831 -3.07901 -0.380572 99.97322708563533 9.999999999999998
0 1 1240 40 0.0373312 -0.0123718 0.00812175 0.999193 0.0548115 -3.01175 -0.0288549 99.96951341047507 9.999999999999998
0 1 1241 41 0.0302986 0.00048524 0.0121103 0.999467 0.0094919 -3.12566 -0.139396 99.97506914958791 9.999999999999998
0 1 1242 42 0.0327129 -0.00859308 -0.0013395 0.999427 -0.0838546 -3.10407 -0.0704546 99.98081573013829 9.999999999999998
0 1 1243 43 0.033106 -0.00526836 -0.0141125 0.999338 0.286475 -3.11071 -0.151375 99.96843783747305 9.999999999999998
0 1 1244 44 0.0396417 -0.000605752 0.00644868 0.999193 -0.0813753 -3.09128 -0.0170196 99.97113332643649 9.999999999999998
0 1 1245 45 0.0266562 0.00334491 -0.00368328 0.999632 0.0220437 -3.08965 -0.243809 99.98698412975013 9.999999999999998
0 1 1246 46 0.0279332 -0.000775851 0.0074459 0.999582 0.1711 -3.22702 -0.229123 99.98314506171386 9.999999999999998
0 1 1247 47 0.0302187 0.00789998 -0.001269 0.999511 -0.109196 -3.17172 -0.339867 99.9837581985243 9.999999999999998
0 1 1248 48 0.0390399 -0.00441643 -0.0148013 0.999118 0.102301 -2.80005 -0.0583969 99.95966285336662 9.999999999999998
0 1 1249 49 0.026862 0.00644715 0.0121627 0.999544 -0.113522 -2.91989 -0.256649 99.97735774136513 9.999999999999998
0 1 362 433 -0.34233698230389914 -0.18265237363956363 0.6993197667716143 0.600329380218383 -0.824734043566691 0.7478435404869614 -3.612854817530795 495 45
0 1 156 38 -0.5606708059051728 0.48072045327013624 0.6489905803388227 0.1826672380173211 -1.595375146129646 -1.0537856824117053 0.3435165632545516 495 45
0 1 255 818 0.49328408295867815 -0.31492239613331363 0.7091015644684151 -0.3932806493863057 -0.9771685254309546 -4.019105001532182 -4.360635092058812 990 90
0 1 1105 397 -0.5887667882091172 0.46029237557479813 0.5755301853578513 0.33203855774832386 3.1200796852005546 3.7735046890076713 -4.521068220956234 198 18
0 1 1000 385 0.08749029136235464 0.9299021297400538 0.33829068516189076 0.1148341863511948 0.7093229843835616 4.0677028942492335 0.09176367722445455 594 54
0 1 303 691 -0.16083074657872032 0.13793646334548476 0.5820237460712879 -0.7850830287579882 -2.265310950648689 -4.326718945128588 3.8165111163099112 891 81
0 1 1118 373 0.5893226939217762 0.5483678197262762 -0.20071849458017976 0.5583042026090232 0.5285822886774616 1.0821791776889809 0.7819776082322036 495 45
0 1 919 962 0.1779059138108952 0.4794998892011103 0.61743106714095 -0.5976689881668791 0.20090173474965223 -1.150828301399712 -0.4055795455814497 396 36
0 1 887 596 -0.22488055765985307 0.4011913867212929 -0.8236979725228359 0.33165623176567766 0.04581870726697446 1.084875391660284 1.5300880185580485 792 72
0 1 1227 389 0.6805562490672014 0.4233290146922059 -0.2930311576134596 0.5213141834278285 -3.472520204435565 1.0972267789886505 2.580208832496246 99 9
0 1 1249 208 0.15641764223539412 0.5846496813839046 -0.5042728174529527 -0.6159766203625588 1.1730070606482599 1.8071129094862348 -0.44329028110620694 990 90
0 1 313 401 0.04060644994558014 0.7603299327047676 0.4425910262487762 0.47366939223474824 -0.755732052776878 0.8254812572003276 0.35094426491493724 990 90
0 1 1191 872 -0.6079019092381467 -0.6757675446200461 0.39633352189078047 -0.12927967283552516 -0.519526699244218 -4.4170631370217075 -3.8786905624131265 693 63