0 1 2499 0 0.8834093 0.1178747 -0.4049636 0.204201 -0.062464 0.025977 0.092057 200.0 100.0
0 1 2400 0 0.5234807 -0.7264352 -0.2577098 0.3631053 0.495697 0.445836 -0.176059 200.0 100.0
0 1 2401 1 0.6708264 0.075135 -0.10002 0.7309874 0.092203 -0.549268 -0.386801 200.0 100.0
0 1 2403 3 0.1662251 0.3031896 -0.6690268 0.6579121 -0.115935 -0.782031 -0.23009 200.0 100.0
0 1 2404 4 0.4844525 0.208651 0.569484 0.6304432 -0.523634 -0.319355 0.388039 200.0 100.0
0 1 2405 5 0.6181851 -0.2290962 0.2912607 0.6932022 -0.454885 -0.396606 -0.679891 200.0 100.0
0 1 2406 6 0.4192218 -0.0781853 -0.8377509 0.3410477 -0.651246 0.103342 0.371363 200.0 100.0
0 1 2408 8 -0.2210391 0.1041973 0.863006 0.4421597 -0.622136 -0.661755 0.019752 200.0 100.0
0 1 2409 9 -0.5074979 0.743354 -0.4336119 0.0430273 -0.432257 0.045733 0.787361 200.0 100.0
0 1 2411 11 -0.0166199 -0.9023095 0.1792748 0.3916912 -0.159727 0.621806 0.1366 200.0 100.0
0 1 2412 12 0.4469141 -0.2864113 -0.6086837 0.5896953 0.325968 0.61823 0.164214 200.0 100.0
0 1 2413 13 -0.0037512 0.4294478 -0.0003143 0.9030838 0.179827 0.441289 -0.367982 200.0 100.0
0 1 2414 14 0.5786875 0.4558974 -0.5360791 0.4121864 0.110455 0.626402 0.292967 200.0 100.0
0 1 2415 15 -0.1078363 -0.0824176 -0.628681 0.7657277 0.48753 0.489599 -0.021995 200.0 100.0
0 1 2416 16 -0.3311782 -0.2993562 0.6737685 0.5888488 0.136882 0.262579 -0.770851 200.0 100.0
0 1 2417 17 0.0711872 -0.5824202 0.725392 0.3598966 -0.23915 -0.601741 0.102207 200.0 100.0
0 1 2418 18 0.2539257 -0.1142991 0.4394982 0.8539899 0.035348 0.635778 -0.458199 200.0 100.0
0 1 2420 20 0.2571475 -0.5739389 0.2834399 0.723969 -0.349927 0.125281 0.440714 200.0 100.0
0 1 2421 21 0.1119011 -0.2241086 -0.4461341 0.859196 -0.281493 -0.376239 -0.445281 200.0 100.0
0 1 2422 22 0.2535533 -0.6592148 -0.5696525 0.4202886 0.364334 -0.041579 0.394137 200.0 100.0
0 1 2423 23 -0.5564633 0.564907 -0.2692864 0.5465468 0.227036 0.599174 -0.039232 200.0 100.0
0 1 2425 25 0.4777611 -0.7828447 0.3027288 0.2593334 -0.572196 0.413765 0.057614 200.0 100.0
0 1 2426 26 -0.4649774 -0.4316158 -0.4752077 0.6096569 -0.257495 0.165778 0.586355 200.0 100.0
0 1 2427 27 -0.0591111 0.0630803 -0.9587024 0.2709548 -0.285136 0.027218 0.210108 200.0 100.0
0 1 2429 29 0.1431702 0.5948223 -0.2388892 0.7540694 0.39024 -0.630931 -0.106937 200.0 100.0
0 1 2430 30 -0.1054435 -0.2026899 -0.4975045 0.836832 -0.173371 0.383594 0.275431 200.0 100.0
0 1 2431 31 0.6492634 -0.0558751 0.2788751 0.7053819 0.03555 0.60716 0.10138 200.0 100.0
0 1 2432 32 -0.6187296 -0.0085327 -0.599782 0.5073091 -0.404376 0.495688 -0.125653 200.0 100.0
0 1 2433 33 -0.695503 0.1937101 0.6853833 0.0948773 -0.45066 0.197661 -0.229456 200.0 100.0
0 1 2434 34 0.3780346 -0.0093833 0.4671056 0.7992585 -0.322473 0.559832 -0.118887 200.0 100.0
0 1 2435 35 0.4641976 0.4150731 -0.3425476 0.7034884 -0.272947 0.423565 0.335808 200.0 100.0
0 1 2437 37 0.1560952 0.374124 0.8290819 0.3850827 -0.481585 -0.25277 0.205974 200.0 100.0
0 1 2438 38 -0.255559 0.1057555 -0.8342621 0.4769822 -0.221652 0.283959 0.008465 200.0 100.0
0 1 2439 39 -0.4462294 -0.4788072 0.7560424 0.0047835 0.057022 -0.102672 -0.584134 200.0 100.0
0 1 2440 40 0.2008045 -0.1735846 0.5862032 0.7654487 -0.047189 0.398725 0.324018 200.0 100.0
0 1 2442 42 -0.0581977 -0.1491218 0.2361638 0.9584375 0.504381 -0.02523 -0.349089 200.0 100.0
0 1 2443 43 0.3412746 -0.4073532 -0.8240203 0.1964322 -0.244601 0.151316 -0.186118 200.0 100.0
0 1 2444 44 0.4300661 -0.0936592 0.8689632 0.2262169 -0.29119 -0.017013 0.357385 200.0 100.0
0 1 2445 45 0.1702968 -0.6473642 0.0002988 0.7429122 0.239295 0.254045 -0.083977 200.0 100.0
0 1 2447 47 -0.2042731 0.6107977 0.4760818 0.5987861 0.356395 -0.042192 -0.343771 200.0 100.0
0 1 2448 48 0.3050475 -0.7093203 -0.6022903 0.2026257 0.497014 0.294486 0.056574 200.0 100.0
0 1 2449 49 -0.6899217 -0.0674705 0.2470043 0.6770854 -0.567275 0.154329 -0.031377 200.0 100.0
0 1 2450 50 -0.2629685 0.434875 0.2138696 0.8342608 0.434278 0.188671 -0.199738 200.0 100.0
0 1 2451 51 0.2703754 0.2222832 0.1123651 0.9299793 -0.735221 -0.197792 0.203089 200.0 100.0
0 1 2452 52 0.6990069 0.2792926 -0.2691335 0.6007929 0.34331 0.344917 -0.397209 200.0 100.0
0 1 2455 55 0.2797165 -0.8245506 0.41727 0.2603091 -0.450009 -0.394905 -0.010639 200.0 100.0
0 1 2456 56 -0.1117552 -0.2918451 -0.5562187 0.7700377 -0.47261 0.11539 -0.005784 200.0 100.0
0 1 2457 57 0.2800933 0.3056776 0.7081229 0.5715513 0.263168 0.460785 -0.227389 200.0 100.0
0 1 2459 59 0.0939611 -0.0492316 -0.8280642 0.5505063 -0.33395 -0.442459 -0.293297 200.0 100.0
0 1 2460 60 -0.3525018 0.1582172 0.1339447 0.9125616 -0.31684 -0.275565 0.568248 200.0 100.0
0 1 2461 61 -0.2675677 0.425176 0.8328009 0.2325415 -0.464276 0.350255 -0.022813 200.0 100.0
0 1 2462 62 -0.2464716 0.1541898 0.6914883 0.6613027 0.054116 -0.406625 0.339241 200.0 100.0
0 1 2463 63 -0.345828 0.1841924 -0.4837594 0.7825938 -0.613332 0.284534 -0.139818 200.0 100.0
0 1 2464 64 -0.6268193 -0.076663 0.0298009 0.7748111 -0.52599 0.33675 0.175825 200.0 100.0
0 1 2465 65 0.5140109 -0.4706779 0.0351849 0.7162521 -0.342919 0.289102 -0.462442 200.0 100.0
0 1 2466 66 -0.1283511 0.726067 0.356532 0.5737924 0.064149 0.063209 -0.740204 200.0 100.0
0 1 2467 67 0.1681333 0.2350838 -0.1266085 0.9489136 -0.169565 -0.487102 -0.344612 200.0 100.0
0 1 2468 68 -0.2287926 -0.3068838 -0.3635339 0.8493052 -0.528653 0.259762 -0.237155 200.0 100.0
0 1 2469 69 0.1963415 -0.1622057 -0.9065645 0.3365713 0.122594 0.556888 0.228151 200.0 100.0
0 1 2471 71 -0.7877994 0.0131757 -0.0287104 0.6151213 -0.539717 -0.383002 -0.220839 200.0 100.0
0 1 2473 73 -0.0910165 -0.8670489 -0.2311181 0.4318872 0.502384 -0.215491 0.130612 200.0 100.0
0 1 2475 75 -0.1919738 -0.3372699 0.4424515 0.808475 -0.485642 -0.292506 -0.241374 200.0 100.0
0 1 2476 76 0.0847456 0.4694867 0.8714577 0.1138505 0.091531 -0.028507 0.63304 200.0 100.0
0 1 2477 77 0.3750478 0.4031656 0.6071465 0.5728611 0.20702 0.365657 0.410004 200.0 100.0
0 1 2478 78 -0.5684728 0.0018901 0.5072187 0.6477378 -0.794349 0.032102 -0.240307 200.0 100.0
0 1 2479 79 0.110931 0.095361 -0.5047289 0.8507933 -0.411285 -0.625005 -0.275019 200.0 100.0
0 1 2480 80 0.4642381 -0.1518246 0.0339612 0.8719397 0.220226 0.520211 0.488032 200.0 100.0
0 1 2481 81 -0.0062014 0.2401172 -0.9659226 0.0964306 0.246361 -0.647384 0.262376 200.0 100.0
0 1 2482 82 -0.1200624 0.0330598 0.9699981 0.208796 -0.249464 -0.511962 0.201915 200.0 100.0
0 1 2484 84 -0.849856 0.2388505 -0.0530379 0.4667786 -0.579978 -0.315791 -0.17726 200.0 100.0
0 1 2485 85 0.1804745 -0.6574037 -0.2999348 0.6672994 -0.179428 0.626011 -0.287275 200.0 100.0
0 1 2486 86 0.228336 0.5091514 0.4238443 0.7134308 0.503058 -0.688031 0.070483 200.0 100.0
0 1 2487 87 0.3754446 0.2083343 0.7345246 0.5254634 -0.140347 0.557452 -0.343325 200.0 100.0
0 1 2488 88 -0.3887103 0.7598384 -0.3886964 0.3470808 -0.335541 0.110686 0.555229 200.0 100.0
0 1 2489 89 0.3987191 0.2884451 -0.2077304 0.8453819 -0.459409 0.464831 0.182924 200.0 100.0
0 1 2490 90 -0.6073227 -0.5064043 0.5159553 0.3293994 0.660285 0.311025 -0.120037 200.0 100.0
0 1 2493 93 0.5950872 0.2607676 -0.7342854 0.196714 -0.237891 0.844915 0.324136 200.0 100.0
0 1 2494 94 -0.2590759 0.0609034 -0.6934556 0.6695445 -0.408658 0.211942 -0.719994 200.0 100.0
0 1 2495 95 -0.2030708 -0.6841409 0.2896739 0.6378107 0.280463 0.427371 0.263206 200.0 100.0
0 1 2497 97 0.141954 0.1051371 0.1996171 0.9638196 -0.27146 -0.677377 -0.11671 200.0 100.0
0 1 2498 98 -0.5454786 0.3568709 -0.1852763 0.7353699 0.642537 0.014366 -0.421142 200.0 100.0
0 1 2499 99 -0.0365652 0.3377083 -0.9378229 0.0714441 -0.142408 0.293197 0.506805 200.0 100.0
1 0 2400 0 -0.1150685 0.5416606 -0.5617922 0.6146158 0.3645 0.106421 -0.442949 200.0 100.0
1 0 2402 2 0.0992984 -0.2889593 -0.0294365 0.9517226 -0.729257 -0.010234 -0.087142 200.0 100.0
1 0 2404 4 0.0231182 -0.7685347 -0.566643 0.296202 0.587719 0.001519 -0.334149 200.0 100.0
1 0 2407 7 0.1613082 0.2315867 -0.9590102 0.0254295 0.335125 0.604894 0.468488 200.0 100.0
1 0 2408 8 0.6134732 -0.3717464 0.1072915 0.6884357 0.423392 0.2738 0.504375 200.0 100.0
1 0 2410 10 -0.3604657 -0.2743007 -0.0370719 0.8907577 -0.092341 -0.210219 -0.689138 200.0 100.0
1 0 2411 11 0.3905846 -0.1134428 -0.3800768 0.8307322 0.547693 0.451256 0.269672 200.0 100.0
1 0 2413 13 0.6997771 -0.3337848 0.6092741 0.1663872 -0.189075 0.347187 0.38361 200.0 100.0
1 0 2414 14 0.1884093 -0.0221911 -0.5815812 0.791058 0.355925 -0.058826 0.350379 200.0 100.0
1 0 2415 15 0.4324103 0.2116614 0.7636719 0.4301465 0.583219 0.452261 -0.284472 200.0 100.0
1 0 2416 16 -0.8359959 0.5098621 0.1527295 0.1335106 0.10769 -0.309834 0.565847 200.0 100.0
1 0 2417 17 -0.024538 -0.1754297 -0.9715674 0.1570955 0.364234 0.272311 -0.411534 200.0 100.0
1 0 2418 18 0.0080272 0.2061481 -0.7467972 0.632244 0.199971 0.425277 0.439051 200.0 100.0
1 0 2419 19 -0.1634059 0.3580707 -0.7875734 0.4741434 0.356511 -0.409281 -0.194898 200.0 100.0
1 0 2420 20 0.0753827 0.4092256 0.1635158 0.8944911 -0.386368 0.46226 -0.046265 200.0 100.0
1 0 2421 21 0.2339672 0.0863104 -0.2335217 0.9398284 0.499574 -0.068055 0.114134 200.0 100.0
1 0 2422 22 -0.492413 0.5968519 0.0798673 0.6284254 -0.286888 0.435797 -0.190284 200.0 100.0
1 0 2423 23 0.7414382 -0.1832471 -0.6276942 0.1506315 -0.434802 -0.020507 -0.407917 200.0 100.0
1 0 2424 24 -0.0920874 -0.3482491 0.5515585 0.7523468 0.690651 -0.001813 0.178249 200.0 100.0
1 0 2425 25 0.6135976 -0.5053783 -0.5911196 0.1366323 0.210145 0.124532 -0.564082 200.0 100.0
1 0 2426 26 0.1971781 -0.671976 -0.1278588 0.7022971 -0.384502 -0.038453 0.437256 200.0 100.0
1 0 2428 28 -0.7512325 0.4548603 -0.1654017 0.4487694 0.405604 -0.38567 0.007858 200.0 100.0
1 0 2429 29 -0.4926373 0.6177925 0.0074257 0.6128505 0.335475 -0.416196 -0.396906 200.0 100.0
1 0 2430 30 -0.804236 -0.5442727 -0.1838122 0.1522654 -0.098405 0.188881 0.555089 200.0 100.0
1 0 2431 31 0.4522327 0.3244844 -0.1779115 0.8115066 0.254656 0.273777 -0.367917 200.0 100.0
1 0 2434 34 -0.3111628 0.5914317 -0.0042284 0.7438874 -0.440501 0.181786 0.27591 200.0 100.0
1 0 2435 35 0.3352858 0.3677828 0.6359535 0.5898155 0.481037 0.181374 -0.031191 200.0 100.0
1 0 2436 36 0.8629637 0.1710108 -0.4750283 0.0199263 -0.294502 0.18199 -0.49262 200.0 100.0
1 0 2437 37 -0.8039002 -0.1821979 0.2621702 0.5018118 0.028292 0.56375 0.131217 200.0 100.0
1 0 2438 38 0.5250868 -0.2640738 -0.7930867 0.1598821 -0.474619 -0.201674 -0.194839 200.0 100.0
1 0 2440 40 0.2260803 -0.5771909 0.7560329 0.2101249 0.423304 0.080901 0.075579 200.0 100.0
1 0 2441 41 -0.1511441 -0.7428093 0.149857 0.6347697 0.083109 -0.254391 0.456055 200.0 100.0
1 0 2444 44 -0.1203538 -0.3509852 -0.730783 0.5729577 0.429351 -0.158594 -0.487081 200.0 100.0
1 0 2445 45 0.2767386 -0.0199508 0.1833595 0.9430785 -0.379238 0.21677 -0.153776 200.0 100.0
1 0 2446 46 0.4942848 -0.33921 0.6430949 0.4764956 -0.301884 0.364507 -0.090658 200.0 100.0
1 0 2448 48 0.4695285 0.2125295 -0.6424706 0.5671029 0.575271 -0.227433 0.090729 200.0 100.0
1 0 2450 50 -0.3035737 0.1887341 0.0929696 0.9292896 -0.349219 0.445749 0.068284 200.0 100.0
1 0 2451 51 -0.7063877 0.2915959 0.3586041 0.5360889 -0.578401 -0.289997 0.106805 200.0 100.0
1 0 2452 52 -0.3779041 -0.5615348 -0.55276 0.4861312 -0.51857 0.076071 -0.465678 200.0 100.0
1 0 2453 53 -0.1316719 0.6287783 -0.4717405 0.6039546 0.124979 -0.077284 -0.448842 200.0 100.0
1 0 2455 55 0.0891465 -0.1993593 -0.8338101 0.5070201 0.375391 -0.313783 -0.093253 200.0 100.0
1 0 2457 57 -0.3822367 0.0556708 0.8247318 0.4130536 -0.317389 -0.226017 -0.217278 200.0 100.0
1 0 2458 58 -0.0673708 0.0728001 -0.9352267 0.3398711 -0.412243 -0.138863 -0.466614 200.0 100.0
1 0 2459 59 -0.2870982 0.4013328 0.7562214 0.4296927 -0.122052 -0.410606 0.360649 200.0 100.0
1 0 2460 60 0.029915 0.4922866 0.8298086 0.2611067 -0.359787 -0.041026 0.439764 200.0 100.0
1 0 2461 61 0.7444421 0.3032188 -0.5768771 0.1451795 0.24495 -0.225161 0.299875 200.0 100.0
1 0 2464 64 -0.5245296 0.0381742 -0.0586369 0.8485123 -0.269244 -0.458176 -0.033488 200.0 100.0
1 0 2465 65 -0.4680103 0.4637599 0.4895872 0.571137 0.101841 0.649817 0.147024 200.0 100.0
1 0 2466 66 -0.0404207 -0.1238362 -0.9702782 0.2039385 0.225085 -0.140948 -0.393345 200.0 100.0
1 0 2468 68 -0.3833718 -0.6697058 0.0148338 0.635846 -0.107085 0.565633 -0.078895 200.0 100.0
1 0 2469 69 0.7012649 0.3324805 0.41397 0.4757238 -0.45908 -0.027467 0.642341 200.0 100.0
1 0 2470 70 -0.5040249 -0.2023967 -0.8309081 0.1207732 -0.024071 -0.633136 -0.250788 200.0 100.0
1 0 2473 73 0.3666518 0.5910207 0.4252908 0.5791276 -0.495343 0.076531 -0.010737 200.0 100.0
1 0 2477 77 -0.2208706 0.3956752 0.2583913 0.8531654 0.719682 0.17993 -0.426254 200.0 100.0
1 0 2478 78 -0.5030886 0.5652709 0.5929282 0.2753304 -0.578548 -0.056789 0.289465 200.0 100.0
1 0 2479 79 0.5681453 -0.2603942 0.252856 0.7385592 0.372562 0.448762 0.136493 200.0 100.0
1 0 2480 80 0.0218083 0.6743111 -0.0359779 0.737248 0.75377 0.288788 0.286309 200.0 100.0
1 0 2482 82 -0.1546822 0.1966971 0.6011395 0.7589565 -0.66384 0.36223 0.312036 200.0 100.0
1 0 2483 83 0.4273438 -0.4262512 0.6641899 0.4410657 -0.503264 -0.426111 0.006911 200.0 100.0
1 0 2484 84 -0.4687633 -0.1362883 -0.8697897 0.0717802 -0.180709 0.418307 0.376912 200.0 100.0
1 0 2485 85 -0.7274777 0.2579682 0.5579663 0.3047987 0.229191 0.563647 -0.393524 200.0 100.0
1 0 2486 86 0.5577647 0.7676528 0.3151597 0.0167919 -0.329577 -0.59404 0.511647 200.0 100.0
1 0 2487 87 -0.587641 -0.4197381 -0.3928907 0.5693284 0.398865 -0.549209 0.35195 200.0 100.0
1 0 2489 89 -0.2617402 -0.1011895 -0.8150691 0.5068679 -0.206692 -0.50584 -0.519792 200.0 100.0
1 0 2490 90 -0.4260088 0.19021 0.8399071 0.2772954 0.025819 0.289637 -0.404307 200.0 100.0
1 0 2491 91 -0.55731 0.083538 -0.6759158 0.4749367 0.147185 0.635818 0.06429 200.0 100.0
1 0 2492 92 -0.1335588 0.9181398 0.0463448 0.3701803 -0.315889 0.600588 -0.027245 200.0 100.0
1 0 2493 93 0.0935106 0.4129086 -0.497701 0.7570046 0.371615 0.425771 -0.619725 200.0 100.0
1 0 2494 94 -0.3379352 0.1709633 -0.8985281 0.2218527 0.213857 -0.363748 -0.838163 200.0 100.0
1 0 2495 95 -0.0873428 -0.4932427 -0.0579561 0.8635531 -0.669778 0.064536 -0.230214 200.0 100.0
1 0 2496 96 -0.3944655 -0.3827311 0.373842 0.7470985 0.414156 0.173829 0.698495 200.0 100.0
1 0 2497 97 0.2419071 -0.1443965 0.3463294 0.8948109 -0.178777 -0.653848 0.61169 200.0 100.0
0 1 2121 1105 0.057957638495268395 -0.44948858550152215 -0.12131480842429813 -0.8831102088079767 0.5277982766650959 3.5741741879861824 -0.6239046830573258 1000 500
0 1 1667 893 -0.0737429909521713 0.5769166037919983 -0.7401503840651936 -0.33750053707021094 -1.183015267912202 -2.1233617096213733 -4.101378955534965 800 400
0 1 838 2185 -0.7812747001572964 -0.04794305702125379 -0.34285611847346487 0.5193852021408512 2.2728928187368114 -0.464267505749385 3.9747804703720444 200 100
0 1 1156 90 -0.5632608426867404 0.8059469818717768 -0.18206068381077758 0.006371257171791941 -0.9034191522169763 1.462630335178381 1.464209600379661 200 100
0 1 248 653 0.23695900144654047 -0.4705392070065195 0.7095041505578924 -0.46802472866746836 2.7378767896468794 -4.26009064176584 4.053499400106258 200 100
0 1 2436 133 0.29796402474793016 0.7160988438855285 0.06148771330535253 -0.6282031095547866 1.8492896450375333 -4.554908867852996 0.33408825195916414 1600 800
0 1 2461 1700 0.26895574473328976 0.36122015993235274 -0.33525282480970725 -0.8275193936642927 -2.6865495017647714 1.478126904393859 -3.571434585300459 1400 700
0 1 2095 2339 0.02112995444445145 0.8032966697096084 -0.39676115928745975 -0.44367619717480733 1.5674562360224717 -0.8426581635559236 -3.8237402512662664 1200 600
0 1 83 1418 -0.0017323457272995916 0.6922774573743335 -0.3036277401310638 0.6546442670737385 2.113999038498794 3.7183983678920463 -4.439201909103577 400 200
0 1 645 2347 0.5810899035135012 0.5678620763985704 0.035728544086403156 -0.5818854331914831 -0.33748344256197704 -4.2121086296776555 0.9612071803336981 800 400
0 1 868 2076 0.14313565148605695 0.5822019358447099 0.5866798742443284 0.5443893977007573 3.3303030025738103 -3.1126863557175213 0.5431209910179522 200 100
0 1 8 2394 -0.4386195664631362 0.014200608773002749 -0.7325482209957308 -0.5203694096909968 3.2297112947221436 0.28620417653743857 -4.004409901858689 1200 600
0 1 776 2448 0.4982615409316858 0.6364332939743375 0.5788214296786689 0.10795300687844853 2.2893298878965354 4.497716625867593 2.2232321563626805 800 400
0 1 1810 2496 -0.6929595442924489 -0.3838749417976657 0.37889740172302994 -0.4784180786732221 -1.567278507724338 -3.2466553359069206 1.1795410578458387 1800 900
0 1 1551 844 0.6849020724842404 -0.2811585811477753 0.10013851169537034 0.6647039053813346 3.2496965994615543 -0.0705988276496381 3.6422128464070376 1800 900
0 1 1509 1315 -0.23499779862121026 0.4531209607790011 0.4329104286103888 0.7429979746582555 -4.91352422259067 1.5142914096507258 4.5360550767786165 1200 600
0 1 1555 270 -0.2934831158281249 0.21630486793730688 0.8819135811123743 -0.2988449435409393 2.0228916142521793 -0.5287374787012054 -2.6670344666385057 600 300
0 1 2425 1870 -0.046820069710830074 -0.7169761901386544 -0.33297547488001666 0.610639301859093 -2.5945177343621517 0.36848526412115756 -1.4213315624639664 1000 500
0 1 1352 2471 0.06473187364559971 0.9268132954952293 -0.36827185227135684 -0.03468058033290518 4.339226903080396 3.3658156762999187 -0.7415820522154757 2000 1000
0 1 1399 2457 -0.3992222701895919 0.3467165139453216 0.1029923023686552 -0.842497373049362 4.087382941189695 1.3497605909567216 0.7501630607391725 1200 600
0 1 1261 889 0.31847354165516306 0.8269398296295047 0.0957354228284151 -0.4534091422256586 0.8936050114579768 2.555340536482044 -4.526769267148875 800 400
0 1 2265 389 -0.4652433216882234 0.745953851163521 0.29143907045389067 -0.37704743968337967 -2.531875176060959 3.8489072788320406 1.535333712889889 1800 900
0 1 1983 1522 0.3047959623451794 0.19091597857602133 0.70955704130972 0.6059532288801114 -2.9920945048458156 -1.0273471405501167 -0.16516730631511845 1400 700
0 1 1954 87 -0.8365806642351552 0.117867704060917 0.3423894188711625 0.4111076287450066 -3.591726488481315 2.888007000293844 3.4711828266061655 200 100
0 1 284 1671 -0.4354180035437121 -0.09996002321893667 0.8708308035850233 0.2051167167140209 0.200398961157501 0.2080838311227211 -2.350539009168424 800 400
0 1 544 406 0.14640130212528407 0.6326763323677292 -0.1860374147405753 -0.737344829448463 1.237260098499691 -4.609136397494288 -4.823208080853871 2000 1000
0 1 891 307 -0.054987312522441795 0.9016291265847274 -0.2703621131599085 0.3330850361744426 2.0808839538234816 2.1427637224357685 4.139373889609626 1000 500
0 1 2237 366 -0.8097566529134171 0.04874837155585548 0.5819418078135564 0.057109470771507284 4.997363218752946 -4.988090577082741 -4.370591616759158 1200 600
0 1 1299 1030 0.006541084155961438 -0.6479504338718579 0.28111942360504955 -0.7078766270582045 4.845610027802193 -4.604401875134318 4.339654903344794 1800 900
0 1 1562 1158 -0.5981752931334662 0.51752144937148 0.16323268158989765 -0.5896719085950303 -1.293379046882357 -3.715981477941318 2.0968131414493705 1800 900
0 1 2335 2014 0.5227370589361251 0.5257589298785944 -0.6576251516372399 -0.13361390197813508 -0.29301693985962984 1.4073220295487534 -3.920936168352911 2000 1000
0 1 2488 2195 -0.4352755565336228 -0.3297121318613597 -0.8357488864182491 -0.05786967114507228 -0.35013330659364605 -1.929748502504621 2.3022654121787944 800 400
0 1 2098 2483 -0.3562915558764251 0.5295066064159643 -0.4334890086210741 -0.6362125119625704 4.62659293924059 -0.8679314255078658 0.9706308460835373 800 400
0 1 1582 1168 -0.33207304358365375 -0.7909718842496507 0.4970834689803831 0.13038020140372028 2.792576837976953 -4.932220015310676 -4.640182340566427 2000 1000
0 1 1127 1897 -0.4863334258193165 0.4564587088530315 -0.6960092369444186 -0.26588792400392836 0.5339336530082868 4.866071390078423 4.579390614646432 400 200
0 1 1829 2366 -0.3601804611363163 -0.5696906857867308 0.3967668701557978 0.6231361076765229 -3.3950100352054102 3.1822839978385584 -2.4826649036111315 1200 600
0 1 677 2471 -0.4216147428952935 -0.8032607893459223 0.1274209559431478 -0.40097008973143616 -3.2111748311106956 4.277864301567336 -1.4199348896839572 2000 1000
0 1 409 1129 -0.4737032965709345 -0.2980242671467184 0.8052442621816733 -0.19587853693803045 4.525251956869631 3.117380717936326 -4.394686020179437 1800 900
0 1 1990 1247 0.6627039466573563 0.6574671605350769 0.1373375725571735 -0.3312080963183275 -3.108381730863573 -1.7484140368846024 2.132764926125957 1200 600