0 1 2874 0 0.00000e+00 0.00000e+00 1.76855e-04 1.00000e+00 4.32066e-02 3.94799e-06 0.00000e+00 9.374882813964826 149.9981250234372
0 1 2874 0 0.00000e+00 0.00000e+00 2.23974e-04 1.00000e+00  0.0802654 -0.0002952  0.        7.499899820210671 29.999301039584584
0 1 2834 0  0.          0.         -0.00331247  0.999995    1.49522   -0.0245513  0.        50.0 100.0
0 1 2871 1 1.22193e-03 9.73018e-04 9.73561e-04 9.99998e-01  0.166743   -0.00153018 -0.00467493 200.0 0.12729397841988754
0 1 2835 2  0.          0.         -0.00241217  0.999997    1.4955    -0.0270934  0.        50.0 100.0
0 1 1435 3 0.       0.       0.901137 0.433533  1.763   -1.15278  0.      50.0 100.0
0 1 1434 4 0.       0.       0.893885 0.448296  1.73837 -1.15967  0.      50.0 100.0
0 1 1430 5 0.       0.       0.880439 0.474159  1.73954 -1.22794  0.      50.0 100.0
0 1 2840 6 0.         0.         0.00368749 0.999993    1.50263   -0.0248903  0.        50.0 100.0
0 1 1425 7 0.       0.       0.867971 0.496615  1.75535 -1.27451  0.      50.0 100.0
0 1 1424 9 0.       0.       0.856963 0.515378  1.75001 -1.31666  0.      50.0 100.0
0 1 1420 10 0.       0.       0.843969 0.53639   1.66595 -1.24755  0.      50.0 100.0
0 1 1418 11 0.       0.       0.826715 0.562621  1.65199 -1.31902  0.      50.0 100.0
1 0 1 2864 -3.95752e-04 -5.79267e-03 -6.15034e-04  9.99983e-01 -0.443769    0.0111536  -0.00481029 200.0 0.12729397841988754
0 1 1415 12 0.       0.       0.804311 0.59421   1.6637  -1.36941  0.      50.0 100.0
0 1 1414 13 0.       0.       0.807412 0.589988  1.67103 -1.36795  0.      50.0 100.0
0 1 1413 14 0.       0.       0.796027 0.605262  1.67542 -1.34919  0.      50.0 100.0
1 0 8 2871 -0.00235778 -0.00184673 -0.0101767   0.999944   -0.408951    0.0197203   0.00074433 200.0 0.12729397841988754
0 1 1413 15 0.       0.       0.801146 0.598469  1.67987 -1.33867  0.      50.0 100.0
0 1 1412 16 0.       0.       0.798462 0.602045  1.65651 -1.26474  0.      50.0 100.0
0 1 1411 17 0.       0.       0.792631 0.609702  1.69381 -1.30826  0.      50.0 100.0
0 1 1411 18 0.       0.       0.791738 0.610861  1.67304 -1.22955  0.      50.0 100.0
0 1 1411 19 0.       0.       0.79289  0.609366  1.67167 -1.22016  0.      50.0 100.0
0 1 0 20 0.        0.        0.999888  0.0149516 0.742599  0.0340514 0.        50.0 100.0
0 1 0 21 0.        0.        0.999627  0.0273021 0.741232  0.0272529 0.        50.0 100.0
0 1 0 22 0.        0.        0.999759  0.0219524 0.711483  0.0205809 0.        50.0 100.0
0 1 0 23 0.        0.        0.999776  0.0211445 0.698289  0.0197547 0.        50.0 100.0
0 1 0 24 0.         0.         0.99998    0.00627726 0.62888   0.0137205 0.        50.0 100.0
0 1 1381 56 0.       0.       0.925819 0.377968  1.96624  -0.514059  0.       50.0 100.0
0 1 1379 57 0.       0.       0.93602  0.351947  2.02092  -0.467496  0.       50.0 100.0
0 1 1377 58 0.       0.       0.939544 0.342429  2.07784  -0.451624  0.       50.0 100.0
0 1 1376 59 0.       0.       0.945699 0.325042  2.07143  -0.420231  0.       50.0 100.0
0 1 1376 60 0.       0.       0.946505 0.322691  2.04419  -0.414952  0.       50.0 100.0
0 1 1374 61 0.       0.       0.953426 0.301626  2.09075 -0.36986  0.      50.0 100.0
0 1 1373 62 0.       0.       0.954009 0.299779  2.10189  -0.364422  0.       50.0 100.0
0 1 1369 63 0.       0.       0.962252 0.272161  2.16546  -0.310263  0.       50.0 100.0
0 1 1372 64 0.       0.       0.96315  0.268965  2.1098   -0.305934  0.       50.0 100.0
0 1 1369 65 0.      0.      0.96806 0.25072  2.12958  -0.269409  0.       50.0 100.0
0 1 1367 67 0.       0.       0.969748 0.244108  2.15449  -0.260585  0.       50.0 100.0
0 1 1367 68 0.       0.       0.973851 0.227187  2.14589  -0.232218  0.       50.0 100.0
0 1 1364 69 0.       0.       0.973152 0.230163  2.1537   -0.242116  0.       50.0 100.0
0 1 1364 71 0.       0.       0.97663  0.214926  2.13302  -0.212231  0.       50.0 100.0
0 1 1362 72 0.       0.       0.978578 0.205878  2.16968 -0.19758  0.      50.0 100.0
0 1 1359 73 0.       0.       0.98172  0.190328  2.22317  -0.173876  0.       50.0 100.0
0 1 1357 74 0.       0.       0.981696 0.190453  2.23301  -0.174528  0.       50.0 100.0
0 1 1354 75 0.       0.       0.984642 0.174583  2.28985  -0.155628  0.       50.0 100.0
0 1 1352 77 0.       0.       0.985659 0.168748  2.32052  -0.147658  0.       50.0 100.0
0 1 1350 78 0.       0.       0.989261 0.146159  2.39556  -0.119772  0.       50.0 100.0
0 1 1156 264 0.       0.       0.952827 0.303515  2.17267  -0.634967  0.       50.0 100.0
0 1 1110 303 0.       0.       0.999616 0.027698 2.47764   0.0273352 0.        50.0 100.0
0 1 1108 304 0.        0.        0.998027  0.0627905  2.56935   -0.0370555  0.        50.0 100.0
0 1 1106 305 0.        0.        0.998446  0.0557254  2.63415   -0.0101854  0.        50.0 100.0
0 1 1106 306 0.        0.        0.997369  0.0724872  2.57649   -0.0494955  0.        50.0 100.0
0 1 1105 308 0.        0.        0.999484  0.0321052 2.53564   0.0625679 0.        50.0 100.0
0 1 1104 309 0.        0.        0.997641  0.0686497  2.56183   -0.0248286  0.        50.0 100.0
0 1 1103 310 0.        0.        0.998391  0.0567127 2.59797   0.0127126 0.        50.0 100.0
0 1 1102 311 0.        0.        0.997717  0.0675273  2.54199e+00 -9.40999e-04  0.00000e+00 50.0 100.0
0 1 1100 313 0.        0.        0.998222  0.0596106 2.55953   0.0383311 0.        50.0 100.0
0 1 1099 314 0.        0.        0.998942  0.0459852 2.55615   0.0832289 0.        50.0 100.0
0 1 1096 315 0.        0.        0.998967  0.0454515 2.54737   0.0974361 0.        50.0 100.0
0 1 1096 316 0.        0.        0.99979   0.0205115 2.46543  0.169238 0.       50.0 100.0
0 1 1095 317 0.        0.        0.998622  0.0524742 2.41936   0.0989686 0.        50.0 100.0
0 1 1093 319 0.        0.        0.998585  0.0531879 2.43689   0.0989623 0.        50.0 100.0
0 1 1022 412 0.        0.        0.998134  0.0610652 1.82841  0.448427 0.       50.0 100.0
0 1 1022 413 0.        0.        0.99843   0.0560102 1.74346  0.461621 0.       50.0 100.0
0 1 1022 414 0.        0.        0.998444  0.0557621 1.69759  0.469581 0.       50.0 100.0
0 1 1022 415 0.        0.        0.998255  0.0590426 1.66474  0.473351 0.       50.0 100.0
0 1 1022 416 0.        0.        0.99829   0.0584615 1.65379  0.473705 0.       50.0 100.0
0 1 1022 417 0.        0.        0.998249  0.0591524 1.62014  0.476016 0.       50.0 100.0
0 1 1022 418 0.        0.        0.998324  0.0578669 1.57949  0.484989 0.       50.0 100.0
0 1 1022 419 0.       0.       0.998537 0.054065 1.50125  0.495243 0.       50.0 100.0
0 1 1022 420 0.        0.        0.998592  0.0530397 1.4599   0.500017 0.       50.0 100.0
0 1 1022 421 0.        0.        0.998657  0.0518175 1.42782  0.502063 0.       50.0 100.0
0 1 1022 422 0.       0.       0.998672 0.051528 1.43418  0.500999 0.       50.0 100.0
0 1 1022 423  0.         0.         0.999872  -0.0160077 1.19807  0.579188 0.       50.0 100.0
0 1 1022 424  0.         0.         0.999842  -0.0177922 1.15231  0.586581 0.       50.0 100.0
0 1 1022 425  0.         0.         0.999787  -0.0206329 1.14968  0.574742 0.       50.0 100.0
0 1 1022 426 0.        0.        0.999697  0.0246204 1.21657  0.527336 0.       50.0 100.0
0 1 1022 427  0.         0.         0.999941  -0.0108658 1.11673  0.558366 0.       50.0 100.0
0 1 1022 429  0.        0.        0.999936 -0.011272 1.12761  0.554866 0.       50.0 100.0
0 1 1022 430  0.         0.         0.999884  -0.0152038 1.06404  0.548664 0.       50.0 100.0
0 1 1022 431 0.         0.         0.999973   0.00735323 1.11949  0.523703 0.       50.0 100.0
0 1 1022 434  0.          0.          0.999979   -0.00645442 0.996192 0.533507 0.       50.0 100.0
0 1 1022 435  0.         0.         0.999917  -0.0129223 1.00355  0.518433 0.       50.0 100.0
0 1 1022 436  0.         0.         0.999896  -0.0144394 0.963927 0.523122 0.       50.0 100.0
0 1 1022 437  0.          0.          0.999961   -0.00886039 0.90999  0.510171 0.       50.0 100.0
0 1 1022 438  0.          0.          0.999999   -0.00146787 0.913051 0.505466 0.       50.0 100.0
0 1 1022 440  0.         0.         0.999942  -0.0107937 0.840165 0.507532 0.       50.0 100.0
0 1 1022 441  0.         0.         0.999932  -0.0116353 0.883115 0.498216 0.       50.0 100.0
0 1 1022 442 0.        0.        0.99953   0.0306637 0.874534 0.469261 0.       50.0 100.0
0 1 1022 443 0.         0.         0.999969   0.00790536 0.798954 0.490657 0.       50.0 100.0
0 1 1022 445  0.          0.          0.999999   -0.00133584 0.770415 0.479139 0.       50.0 100.0
0 1 1022 446 0.         0.         0.999969   0.00783501 0.78177  0.473047 0.       50.0 100.0
0 1 2331 591  0.        0.       -0.794305  0.607518 0.617089 2.02371  0.       50.0 100.0
0 1 2331 592  0.        0.       -0.793643  0.608384 0.629509 2.00114  0.       50.0 100.0
0 1 2330 593  0.        0.       -0.792853  0.609413 0.754809 1.91298  0.       50.0 100.0
0 1 2331 594  0.        0.       -0.776597  0.629999 0.609889 1.91531  0.       50.0 100.0
0 1 2331 595  0.        0.       -0.761312  0.648385 0.591061 1.84983  0.       50.0 100.0
0 1 2330 596  0.        0.       -0.774433  0.632657 0.736295 1.8142   0.       50.0 100.0
0 1 2327 597  0.        0.       -0.812256  0.583303 1.31535 1.54535 0.      50.0 100.0
0 1 2330 599  0.        0.       -0.738564  0.674183 0.706973 1.65402  0.       50.0 100.0
0 1 2330 600  0.        0.       -0.736141  0.676828 0.693542 1.66223  0.       50.0 100.0
0 1 2330 601  0.        0.       -0.718001  0.696042 0.70321 1.56283 0.      50.0 100.0
0 1 2328 603  0.        0.       -0.778887  0.627164 1.26636 1.41207 0.      50.0 100.0
0 1 2328 604  0.        0.       -0.758488  0.651687 1.23038 1.368   0.      50.0 100.0
0 1 2327 605  0.        0.       -0.758899  0.651208 1.26091 1.33243 0.      50.0 100.0
0 1 2327 606  0.        0.       -0.737611  0.675226 1.2101 1.3112 0.     50.0 100.0
0 1 2326 607  0.        0.       -0.751415  0.65983  1.31206 1.29001 0.      50.0 100.0
0 1 2325 609  0.        0.       -0.733916  0.679241 1.3151  1.18583 0.      50.0 100.0
0 1 2321 610  0.        0.       -0.708574  0.705637 1.4848   0.865896 0.       50.0 100.0
0 1 2323 611  0.        0.       -0.728455  0.685094 1.45341 1.03531 0.      50.0 100.0
0 1 2321 612  0.        0.       -0.739643  0.672999 1.55365  0.915302 0.       50.0 100.0
0 1 2321 613  0.        0.       -0.721043  0.69289  1.59068  0.784658 0.       50.0 100.0
0 1 2321 614  0.        0.       -0.717907  0.696139 1.55955  0.808076 0.       50.0 100.0
0 1 2328 616  0.        0.       -0.651584  0.758577 1.22008  0.929499 0.       50.0 100.0
0 1 2327 617  0.        0.       -0.650531  0.75948  1.19706 1.03379 0.      50.0 100.0
0 1 2327 618  0.        0.       -0.630133  0.776487 1.20636  0.953151 0.       50.0 100.0
0 1 2327 619  0.        0.       -0.628814  0.777556 1.23094  0.898657 0.       50.0 100.0
0 1 2327 620  0.        0.       -0.615626  0.788038 1.23134 0.87618 0.      50.0 100.0
0 1 2328 621  0.        0.       -0.616909  0.787034 1.30492  0.752205 0.       50.0 100.0
0 1 2329 622  0.        0.       -0.589054  0.808094 1.12268 0.81631 0.      50.0 100.0
0 1 2329 623  0.        0.       -0.589058  0.808091 1.15368  0.815898 0.       50.0 100.0
0 1 2329 624  0.        0.       -0.591109  0.806592 1.15644  0.817173 0.       50.0 100.0
0 1 2329 625  0.        0.       -0.589346  0.807881 1.1399   0.748759 0.       50.0 100.0
0 1 2330 626  0.        0.       -0.536267  0.844048 0.913676 0.793046 0.       50.0 100.0
0 1 2330 627  0.        0.       -0.538722  0.842484 0.950266 0.772952 0.       50.0 100.0
0 1 2330 628  0.        0.       -0.539458  0.842013 0.964833 0.71868  0.       50.0 100.0
0 1 2330 629  0.        0.       -0.53962   0.841909 0.981183 0.722084 0.       50.0 100.0
0 1 2330 631  0.        0.       -0.534627  0.845088 1.02058  0.651585 0.       50.0 100.0
0 1 2330 632  0.        0.       -0.532638  0.846343 1.00494  0.658092 0.       50.0 100.0
0 1 2330 633  0.        0.       -0.521175  0.85345  1.05226  0.585582 0.       50.0 100.0
0 1 2330 634  0.        0.       -0.519981  0.854178 1.05083  0.594017 0.       50.0 100.0
0 1 2377 636  0.        0.       -0.194272  0.980948 -0.623855  0.526811  0.       50.0 100.0
0 1 2382 637  0.        0.       -0.127136  0.991885 -0.999588  0.376094  0.       50.0 100.0
0 1 2375 638  0.        0.       -0.199705  0.979856 -0.761337  0.533385  0.       50.0 100.0
0 1 2383 639  0.         0.        -0.0950395  0.995474  -1.03893   0.288232  0.       50.0 100.0
0 1 2347 640  0.        0.       -0.366408  0.930454 0.554662 0.640877 0.       50.0 100.0
0 1 2348 641  0.        0.       -0.36216   0.932116 0.536435 0.626297 0.       50.0 100.0
0 1 2347 644  0.        0.       -0.363328  0.931661 0.581122 0.616021 0.       50.0 100.0
0 1 2373 645  0.        0.       -0.190208  0.981744 -0.501854  0.436696  0.       50.0 100.0
0 1 2373 646  0.        0.       -0.187884  0.982191 -0.506685  0.432878  0.       50.0 100.0
0 1 2371 648  0.        0.       -0.208352  0.978054 -0.274983  0.412387  0.       50.0 100.0
0 1 2418 650 0.        0.        0.0262715 0.999655  -2.02952   0.114633  0.       50.0 100.0
1 0 649 2366 -0.00732575  0.00350148  0.227769    0.973681    0.251101   -0.355611   -0.00111388 200.0 0.12729397841988754
0 1 2415 652 0.        0.        0.0311031 0.999516  -1.8227    0.103573  0.       50.0 100.0
0 1 2408 653 0.        0.        0.0292302 0.999573  -1.58687   0.103091  0.       50.0 100.0
0 1 2405 654 0.        0.        0.0271042 0.999633  -1.40875   0.102613  0.       50.0 100.0
0 1 2408 655 0.        0.        0.0284962 0.999594  -1.47296   0.095169  0.       50.0 100.0
0 1 2408 656 0.        0.        0.0285875 0.999591  -1.43664   0.107236  0.       50.0 100.0
0 1 2411 657 0.        0.        0.0301648 0.999545  -1.46886    0.0942088  0.        50.0 100.0
0 1 2411 658 0.        0.        0.0280853 0.999606  -1.47247   0.109775  0.       50.0 100.0
0 1 2405 659 0.        0.        0.0265095 0.999649  -1.23734   0.106606  0.       50.0 100.0
0 1 2405 660 0.        0.        0.0176638 0.999844  -1.20529   0.111977  0.       50.0 100.0
0 1 2391 661  0.         0.        -0.0228222  0.99974   -0.633101  0.167063  0.       50.0 100.0
0 1 2398 662  0.          0.         -0.00415071  0.999991   -0.897996  0.1481    0.       50.0 100.0
0 1 2386 664  0.         0.        -0.0361864  0.999345  -0.285707  0.164243  0.       50.0 100.0
0 1 2386 665  0.         0.        -0.0373064  0.999304  -0.292221  0.174504  0.       50.0 100.0
0 1 2385 666  0.        0.       -0.038575  0.999256 -0.186598  0.157165  0.       50.0 100.0
0 1 2383 667  0.         0.        -0.0682159  0.997671  -0.0574387  0.166785   0.        50.0 100.0
0 1 2383 668  0.         0.        -0.0686584  0.99764   0.0103514 0.154458  0.        50.0 100.0
0 1 2384 670  0.         0.        -0.0662873  0.997801  0.00923667 0.147345   0.         50.0 100.0
1 0 669 2376 -1.00923e-03  4.04590e-04  1.43894e-01  9.89593e-01 -1.68307e-01 -2.51050e-01  7.45265e-05 200.0 0.12729397841988754
0 1 2383 671  0.         0.        -0.0589746  0.998259  0.0594922 0.12427   0.        50.0 100.0
0 1 2385 672  0.         0.        -0.0424889  0.999097  0.0124524 0.137647  0.        50.0 100.0
0 1 2384 673  0.         0.        -0.0703405  0.997523  0.103226 0.140836 0.       50.0 100.0
0 1 2384 674  0.         0.        -0.0613432  0.998117  0.141753 0.120699 0.       50.0 100.0
0 1 2386 676  0.         0.        -0.0338847  0.999426  0.157361 0.111577 0.       50.0 100.0
0 1 2386 677  0.         0.        -0.0275122  0.999621  0.161115 0.102682 0.       50.0 100.0
0 1 2388 678  0.         0.        -0.0287214  0.999587  0.151345 0.128201 0.       50.0 100.0
0 1 2392 679  0.         0.        -0.0148439  0.99989   0.0175315 0.0957249 0.        50.0 100.0
0 1 2390 680  0.         0.        -0.0263926  0.999652  0.148139 0.112996 0.       50.0 100.0
0 1 2390 681  0.         0.        -0.0176739  0.999844  0.184926  0.0954573 0.        50.0 100.0
0 1 2391 683  0.         0.        -0.0134126  0.99991   0.14856   0.0862224 0.        50.0 100.0
1 0 682 2399 -1.08731e-03  1.41104e-03  5.30698e-04  9.99998e-01  0.224591   -0.150309   -0.00065452 200.0 0.12729397841988754
0 1 2393 684  0.         0.        -0.0162509  0.999868  0.103892 0.088302 0.       50.0 100.0
0 1 2397 685  0.          0.         -0.00602676  0.999982   -0.00220208  0.0997603   0.         50.0 100.0
0 1 2398 686  0.         0.        -0.0101637  0.999948  0.0069249 0.105214  0.        50.0 100.0
0 1 2400 687 0.        0.        0.0210591 0.999778  -0.00474588  0.0832451   0.         50.0 100.0
0 1 2400 688 0.        0.        0.0210222 0.999779  0.00384775 0.0830577  0.         50.0 100.0
0 1 2402 689 0.         0.         0.00549117 0.999985   -0.0138007  0.110977   0.        50.0 100.0
0 1 2402 690 0.       0.       0.018163 0.999835 -0.0116079  0.0921521  0.        50.0 100.0
0 1 2405 691 0.         0.         0.00579112 0.999983   -0.0137472  0.112828   0.        50.0 100.0
0 1 2405 692 0.         0.         0.00549424 0.999985   0.0269777 0.110386  0.        50.0 100.0
0 1 2408 693 0.         0.         0.00187691 0.999998   -0.03431   0.117553  0.       50.0 100.0
0 1 2408 694 0.       0.       0.001357 0.999999 -0.00610335  0.113872    0.         50.0 100.0
0 1 2409 695  0.          0.         -0.00298312  0.999996   -0.00765583  0.117034    0.         50.0 100.0
0 1 2409 697  0.          0.         -0.00282361  0.999996   0.0307409 0.114326  0.        50.0 100.0
0 1 2413 698  0.          0.         -0.00364172  0.999993   -0.0182774  0.117194   0.        50.0 100.0
1 0 696 2410 -1.65001e-03 -5.22932e-04  6.90091e-03  9.99975e-01 -0.0336634  -0.148985    0.00046679 200.0 0.12729397841988754
0 1 2412 699  0.          0.         -0.00348973  0.999994   0.0567145 0.113464  0.        50.0 100.0
0 1 2413 700  0.          0.         -0.00386744  0.999993   0.0462636 0.116479  0.        50.0 100.0
0 1 2415 702  0.        0.       -0.005917  0.999982 0.0726466 0.122658  0.        50.0 100.0
1 0 701 2410 -1.77430e-03  8.44848e-05  7.44687e-03  9.99971e-01 -0.218146   -0.146597    0.00093547 200.0 0.12729397841988754
0 1 2416 703  0.          0.         -0.00656137  0.999978   0.0655901 0.127716  0.        50.0 100.0
0 1 2418 704  0.          0.         -0.00603202  0.999982   0.0303283 0.123159  0.        50.0 100.0
0 1 2418 705  0.          0.         -0.00700445  0.999975   0.0697658 0.124872  0.        50.0 100.0
0 1 2418 706  0.          0.         -0.00742717  0.999972   0.10658  0.126461 0.       50.0 100.0
0 1 2419 708  0.          0.         -0.00530661  0.999986   0.0728759 0.123502  0.        50.0 100.0
0 1 2420 709  0.          0.         -0.00654553  0.999979   0.0873769 0.124486  0.        50.0 100.0
1 0 707 2410 -4.09565e-04  8.79446e-04  9.74352e-03  9.99952e-01 -4.72354e-01 -1.44659e-01 -1.62850e-04 200.0 0.12729397841988754
0 1 2422 710  0.          0.         -0.00756326  0.999971   0.029444 0.126039 0.       50.0 100.0
0 1 2422 711  0.          0.         -0.00623439  0.999981   0.0758172 0.122183  0.        50.0 100.0
0 1 2422 712  0.        0.       -0.010031  0.99995  0.140798 0.141927 0.       50.0 100.0
0 1 2422 713  0.         0.        -0.0109824  0.99994   0.196516 0.142564 0.       50.0 100.0
1 0 714 2432 -2.89438e-04  9.35356e-05  1.43873e-03  9.99999e-01  2.32928e-01 -1.47786e-01 -1.09443e-04 200.0 0.12729397841988754
0 1 2448 727  0.00000e+00  0.00000e+00 -3.42907e-05  1.00000e+00 -0.204872  0.104182  0.       50.0 100.0
0 1 2441 729  0.00000e+00  0.00000e+00 -3.15713e-04  1.00000e+00 0.0977959 0.102167  0.        50.0 100.0
0 1 2445 730  0.          0.         -0.00234681  0.999997   0.00917428 0.107374   0.         50.0 100.0
1 0 728 2440 -7.14702e-03 -7.73139e-04  4.46402e-05  9.99974e-01 -0.163176   -0.125304   -0.00511304 200.0 0.12729397841988754
0 1 2445 731  0.          0.         -0.00297075  0.999996   0.0593874 0.106956  0.        50.0 100.0
0 1 2447 732  0.00000e+00  0.00000e+00 -6.77766e-04  1.00000e+00 0.0064813 0.0999863 0.        50.0 100.0
0 1 2448 733  0.          0.         -0.00196284  0.999998   0.00684359 0.10438    0.         50.0 100.0
0 1 2452 735 0.         0.         0.00239412 0.999997   -0.121313   0.0838189  0.        50.0 100.0
0 1 2452 736  0.          0.         -0.00296066  0.999996   -0.0745073  0.10172    0.        50.0 100.0
1 0 734 2443 -1.28867e-03 -2.10339e-05  3.94058e-03  9.99991e-01 -0.202341   -0.11008     0.00098593 200.0 0.12729397841988754
0 1 2455 737 0.         0.         0.00382763 0.999993   -0.153542   0.0767318  0.        50.0 100.0
0 1 2457 738 0.        0.        0.0057697 0.999983  -0.165826   0.0826428  0.        50.0 100.0
0 1 2457 739 0.         0.         0.00897212 0.99996    -0.128098   0.0743645  0.        50.0 100.0
0 1 2457 740 0.        0.        0.0132667 0.999912  -0.0894473  0.0912363  0.        50.0 100.0
0 1 2459 742 0.        0.        0.0117998 0.99993   -0.129079  0.110597  0.       50.0 100.0
1 0 741 2465 -5.26492e-04  7.22672e-05 -1.83543e-02  9.99831e-01  4.01632e-01 -1.39636e-01 -8.63993e-05 200.0 0.12729397841988754
0 1 2459 743 0.        0.        0.0172547 0.999851  -0.0843009  0.113436   0.        50.0 100.0
0 1 2460 744 0.        0.        0.0175274 0.999846  -0.0804031  0.112894   0.        50.0 100.0
0 1 2460 745 0.        0.        0.0164617 0.999864  -0.0352727  0.114371   0.        50.0 100.0
0 1 2460 746 0.        0.        0.0160435 0.999871  0.00107704 0.115819   0.         50.0 100.0
0 1 2462 747 0.        0.        0.0171539 0.999853  -0.0433561  0.117846   0.        50.0 100.0
0 1 2462 749 0.        0.        0.0171202 0.999853  0.0014786 0.117554  0.        50.0 100.0
1 0 748 2465 -3.72749e-04  1.30669e-03 -1.74911e-02  9.99846e-01  0.158015   -0.132244   -0.00046887 200.0 0.12729397841988754
0 1 2462 750 0.        0.        0.0176433 0.999844  0.0418309 0.118591  0.        50.0 100.0
0 1 2464 751 0.       0.       0.018068 0.999837 -0.00873218  0.121463    0.         50.0 100.0
0 1 2469 752 0.        0.        0.0186547 0.999826  -0.132612  0.129072  0.       50.0 100.0
0 1 2469 753 0.        0.        0.0192404 0.999815  -0.0909217  0.127145   0.        50.0 100.0
0 1 2478 754 0.        0.        0.0160856 0.999871  -0.303439  0.133178  0.       50.0 100.0
0 1 2472 755 0.        0.        0.0167491 0.99986   -0.0919492  0.131338   0.        50.0 100.0
0 1 2478 756 0.        0.        0.0154065 0.999881  -0.2172    0.133513  0.       50.0 100.0
0 1 2475 757 0.        0.        0.0163344 0.999867  -0.0913944  0.134692   0.        50.0 100.0
0 1 2480 758 0.         0.         0.00786527 0.999969   -0.209814  0.136909  0.       50.0 100.0
0 1 2478 759 0.        0.        0.0154254 0.999881  -0.0857975  0.134552   0.        50.0 100.0
0 1 2482 760 0.         0.         0.00695475 0.999976   -0.207889  0.135803  0.       50.0 100.0
0 1 2480 761 0.         0.         0.00653295 0.999979   -0.0770921  0.135557   0.        50.0 100.0
0 1 2482 763 0.         0.         0.00528665 0.999986   -0.120383  0.137219  0.       50.0 100.0
0 1 2487 764 0.         0.         0.00948848 0.999955   -0.288249  0.134386  0.       50.0 100.0
1 0 762 2477 -6.02037e-04  2.16446e-03 -1.06884e-02  9.99940e-01 -0.0577284  -0.135714   -0.00059966 200.0 0.12729397841988754
0 1 2484 765 0.         0.         0.00525963 0.999986   -0.119918  0.140095  0.       50.0 100.0
0 1 2487 766 0.         0.         0.00879893 0.999961   -0.210173  0.137483  0.       50.0 100.0
0 1 2487 767 0.         0.         0.00809613 0.999967   -0.168449  0.139227  0.       50.0 100.0
0 1 2489 769 0.         0.         0.00949577 0.999955   -0.20944   0.137267  0.       50.0 100.0
1 0 768 2477 -3.94737e-04  1.40900e-04 -1.16255e-02  9.99932e-01 -2.32338e-01 -1.28361e-01 -2.12579e-04 200.0 0.12729397841988754
0 1 2487 770 0.         0.         0.00717623 0.999974   -0.0780034  0.14041    0.        50.0 100.0
0 1 2491 771 0.         0.         0.00887693 0.999961   -0.209552  0.133398  0.       50.0 100.0
0 1 2489 772 0.         0.         0.00788774 0.999969   -0.0790029  0.139395   0.        50.0 100.0
0 1 2495 773 0.        0.        0.0139774 0.999902  -0.296919  0.119039  0.       50.0 100.0
0 1 2493 775 0.         0.         0.00930277 0.999957   -0.165906  0.126217  0.       50.0 100.0
0 1 2493 776 0.         0.         0.00773781 0.99997    -0.124775  0.128684  0.       50.0 100.0
0 1 2497 777 0.        0.        0.0166084 0.999862  -0.254847  0.111639  0.       50.0 100.0
0 1 2495 778 0.        0.        0.0115606 0.999933  -0.130334  0.1218    0.       50.0 100.0
0 1 2497 779 0.        0.        0.0139631 0.999903  -0.164434  0.113751  0.       50.0 100.0
0 1 2497 780 0.         0.         0.00915338 0.999958   -0.125595  0.121455  0.       50.0 100.0
0 1 2500 782 0.        0.        0.0192225 0.999815  -0.127276  0.105183  0.       50.0 100.0
1 0 781 2498 -1.17668e-04  3.25443e-03 -3.82775e-03  9.99987e-01  0.137269   -0.146719   -0.00206035 200.0 0.12729397841988754
0 1 2502 783 0.         0.         0.00884216 0.999961   -0.169412  0.127559  0.       50.0 100.0
0 1 2502 784 0.        0.        0.0189785 0.99982   -0.133354  0.108458  0.       50.0 100.0
0 1 2505 785 0.         0.         0.00804243 0.999968   -0.168039  0.130955  0.       50.0 100.0
0 1 2505 786 0.        0.        0.0187293 0.999825  -0.126215  0.11116   0.       50.0 100.0
0 1 2505 787 0.        0.        0.0142205 0.999899  -0.0846945  0.117347   0.        50.0 100.0
0 1 2512 788 0.         0.         0.00537756 0.999986   -0.256277  0.140455  0.       50.0 100.0
0 1 2512 789 0.        0.        0.0140408 0.999901  -0.214125  0.123609  0.       50.0 100.0
0 1 2509 790 0.        0.        0.0071192 0.999975  -0.0864905  0.135536   0.        50.0 100.0
0 1 2512 791 0.        0.        0.0102306 0.999948  -0.128618  0.130576  0.       50.0 100.0
0 1 2515 792 0.        0.        0.0120222 0.999928  -0.218229  0.130818  0.       50.0 100.0
0 1 2515 793 0.        0.        0.0117047 0.999931  -0.176749  0.133407  0.       50.0 100.0
0 1 2515 794 0.        0.        0.0104648 0.999945  -0.129523  0.134994  0.       50.0 100.0
0 1 2515 796 0.        0.        0.0192694 0.999814  -0.0448336  0.124128   0.        50.0 100.0
1 0 795 2507 -3.24423e-04  2.35721e-03 -9.03169e-03  9.99956e-01 -0.176596   -0.13444    -0.00095805 200.0 0.12729397841988754
0 1 2517 797 0.        0.        0.0153786 0.999882  -0.0881312  0.131197   0.        50.0 100.0
0 1 2519 798 0.        0.        0.0107337 0.999942  -0.130192  0.139415  0.       50.0 100.0
0 1 2521 800 0.        0.        0.0121233 0.999927  -0.135804  0.138388  0.       50.0 100.0
1 0 799 2511 -1.03749e-04 -6.66473e-04 -9.33614e-03  9.99956e-01 -2.38137e-01 -1.36448e-01 -2.05863e-04 200.0 0.12729397841988754
0 1 2521 801 0.        0.        0.0227103 0.999742  -0.0937211  0.124333   0.        50.0 100.0
0 1 2523 802 0.        0.        0.0168429 0.999858  -0.133356  0.13416   0.       50.0 100.0
0 1 2523 803 0.        0.        0.0166244 0.999862  -0.0864777  0.137062   0.        50.0 100.0
0 1 2526 804 0.         0.         0.00995269 0.99995    -0.171066  0.149372  0.       50.0 100.0
0 1 2525 806 0.       0.       0.01456  0.999894 -0.0888298  0.141725   0.        50.0 100.0
1 0 805 2511 -1.70495e-05  1.17677e-03 -9.83496e-03  9.99951e-01 -0.491302   -0.128032   -0.00060133 200.0 0.12729397841988754
0 1 2527 807 0.       0.       0.017579 0.999845 -0.126098  0.138609  0.       50.0 100.0
0 1 2527 808 0.        0.        0.0102793 0.999947  -0.0855905  0.148521   0.        50.0 100.0
0 1 2529 809 0.        0.        0.0255553 0.999673  -0.13969   0.129557  0.       50.0 100.0
0 1 2528 810 0.        0.        0.0163142 0.999867  -0.0419103  0.140239   0.        50.0 100.0
0 1 2529 811 0.        0.        0.0153298 0.999882  -0.0452342  0.143734   0.        50.0 100.0
0 1 2529 813 0.         0.         0.00865993 0.999963   -0.00388491  0.151514    0.         50.0 100.0
0 1 2530 814 0.         0.         0.00776015 0.99997    -0.00041232  0.153178    0.         50.0 100.0
1 0 812 2532  6.34391e-04 -2.46514e-03 -7.84687e-03  9.99966e-01  1.19315e-01 -1.59709e-01 -1.58747e-04 200.0 0.12729397841988754
0 1 2533 815 0.         0.         0.00602074 0.999982   -0.0424998  0.152727   0.        50.0 100.0
0 1 2533 816 0.         0.         0.00571807 0.999984   -0.00989698  0.153793    0.         50.0 100.0
0 1 2533 817 0.         0.         0.00497506 0.999988   0.0380392 0.15325   0.        50.0 100.0
0 1 2533 818 0.         0.         0.00505502 0.999987   0.0776752 0.15477   0.        50.0 100.0
0 1 2535 819 0.         0.         0.00528811 0.999986   0.0379665 0.153239  0.        50.0 100.0
0 1 2535 820 0.         0.         0.00511133 0.999987   0.0804662 0.153998  0.        50.0 100.0
0 1 2538 821 0.         0.         0.00668833 0.999978   0.0340006 0.155335  0.        50.0 100.0
0 1 2538 822 0.         0.         0.00720053 0.999974   0.0760091 0.154121  0.        50.0 100.0
0 1 2541 823 0.         0.         0.00816032 0.999967   0.0305182 0.15506   0.        50.0 100.0
0 1 2541 824 0.         0.         0.00788805 0.999969   0.0715299 0.156989  0.        50.0 100.0
0 1 2543 825 0.         0.         0.00884413 0.999961   0.0348001 0.157567  0.        50.0 100.0
0 1 2545 826 0.         0.         0.00940838 0.999956   -0.119401  0.156529  0.       50.0 100.0
0 1 2546 828 0.         0.         0.00760296 0.999971   -0.0626947  0.162523   0.        50.0 100.0
1 0 827 2544  1.51995e-04  1.74484e-03 -1.30856e-02  9.99913e-01 -0.0749439  -0.158656   -0.00048147 200.0 0.12729397841988754
0 1 2547 829  0.          0.         -0.00242714  0.999997   -0.306692  0.202872  0.       50.0 100.0
0 1 2550 830 0.         0.         0.00615937 0.999981   -0.450188  0.168994  0.       50.0 100.0
0 1 2552 831 0.         0.         0.00385494 0.999993   -0.523435  0.194762  0.       50.0 100.0
0 1 2552 833 0.         0.         0.00270847 0.999996   -0.457077  0.191908  0.       50.0 100.0
0 1 2554 834  0.         0.        -0.0197398  0.999805  -0.367876  0.313635  0.       50.0 100.0
1 0 832 2544  0.00250883  0.00308373 -0.00934986  0.999948   -0.247687   -0.152941   -0.00071078 200.0 0.12729397841988754
0 1 2611 838 0.        0.        0.0127194 0.999919  -2.01226   0.180652  0.       50.0 100.0
0 1 2611 841 0.        0.        0.0138544 0.999904  -1.92501   0.172666  0.       50.0 100.0
0 1 2614 842 0.         0.         0.00463828 0.999989   -2.03603   0.203907  0.       50.0 100.0
0 1 2611 843 0.       0.       0.014384 0.999897 -1.90931   0.176602  0.       50.0 100.0
0 1 2611 844 0.        0.        0.0160452 0.999871  -1.7916    0.169929  0.       50.0 100.0
0 1 2611 845 0.        0.        0.0170651 0.999854  -1.74037   0.167606  0.       50.0 100.0
1 0 846 2565 -1.25472e-04 -1.55413e-03 -7.78529e-03  9.99968e-01  0.0882042  -0.177231   -0.00023079 200.0 0.12729397841988754
0 1 2618 847  0.         0.        -0.0470115  0.998894  -1.85402   0.402332  0.       50.0 100.0
0 1 2611 848 0.       0.       0.013821 0.999904 -1.61991   0.171646  0.       50.0 100.0
0 1 2611 849 0.        0.        0.0128941 0.999917  -1.59348   0.179527  0.       50.0 100.0
0 1 2570 850 0.         0.         0.00520473 0.999986   -0.0200435  0.177519   0.        50.0 100.0
0 1 2571 851 0.         0.         0.00748469 0.999972   -0.0244705  0.168524   0.        50.0 100.0
0 1 2572 852 0.         0.         0.00460836 0.999989   -0.0255158  0.175411   0.        50.0 100.0
0 1 2572 853 0.         0.         0.00535021 0.999986   0.013597 0.173948 0.       50.0 100.0
0 1 2571 854 0.        0.        0.0101092 0.999949  0.102091 0.162445 0.       50.0 100.0
0 1 2578 855 0.         0.         0.00995982 0.99995    -0.0930911  0.171474   0.        50.0 100.0
0 1 2572 856 0.         0.         0.00376084 0.999993   0.144484 0.174746 0.       50.0 100.0
0 1 2577 857 0.        0.        0.0120481 0.999927  0.0226322 0.161523  0.        50.0 100.0
0 1 2577 858 0.         0.         0.00708559 0.999975   0.0709277 0.173578  0.        50.0 100.0
1 0 859 2579 -1.63498e-04  9.21650e-04 -6.53271e-03  9.99978e-01 -0.022452   -0.179602   -0.00030403 200.0 0.12729397841988754
0 1 2580 860 0.         0.         0.00885107 0.999961   0.0506685 0.165517  0.        50.0 100.0
0 1 2583 861 0.        0.        0.0122801 0.999925  -0.0109566  0.167786   0.        50.0 100.0
0 1 2589 862 0.        0.        0.0207499 0.999785  -0.219799  0.159165  0.       50.0 100.0
0 1 2587 863 0.        0.        0.0166463 0.999861  -0.141495  0.166236  0.       50.0 100.0
1 0 864 2579  3.30810e-03  9.06338e-04 -9.32016e-03  9.99951e-01 -0.202123   -0.170481   -0.00053076 200.0 0.12729397841988754
0 1 2594 865 0.        0.        0.0226032 0.999745  -0.347843  0.164176  0.       50.0 100.0
0 1 2590 866 0.        0.        0.0195556 0.999809  -0.143491  0.165802  0.       50.0 100.0
0 1 2592 867 0.        0.        0.0238202 0.999716  -0.181159  0.162991  0.       50.0 100.0
0 1 2594 868 0.        0.        0.0207571 0.999785  -0.193048  0.171138  0.       50.0 100.0
0 1 2592 869 0.        0.        0.0207371 0.999785  -0.0688135  0.172099   0.        50.0 100.0
0 1 2594 871 0.        0.        0.0201586 0.999797  -0.105538  0.177136  0.       50.0 100.0
0 1 2596 872 0.        0.        0.0216014 0.999767  -0.116041  0.17603   0.       50.0 100.0
0 1 2596 873 0.        0.        0.0239865 0.999712  -0.103452  0.172943  0.       50.0 100.0
0 1 2599 874 0.        0.        0.0184538 0.99983   -0.145872  0.178493  0.       50.0 100.0
0 1 2599 875 0.        0.        0.0168647 0.999858  -0.0763864  0.184329   0.        50.0 100.0
0 1 2601 877 0.        0.        0.0167509 0.99986   -0.159417  0.180217  0.       50.0 100.0
1 0 876 2598  1.28774e-04 -1.01711e-03 -1.03908e-02  9.99945e-01  5.53777e-02 -1.92607e-01 -1.37959e-04 200.0 0.12729397841988754
0 1 2601 878 0.        0.        0.0150099 0.999887  -0.118977  0.186188  0.       50.0 100.0
0 1 2601 879 0.        0.        0.0131331 0.999914  -0.0766894  0.188784   0.        50.0 100.0
0 1 2601 880 0.        0.        0.0157256 0.999876  -0.0333258  0.186519   0.        50.0 100.0
0 1 2606 881 0.        0.        0.0183379 0.999832  -0.0648706  0.182835   0.        50.0 100.0
0 1 2606 882 0.        0.        0.0173066 0.99985   -0.0223239  0.185124   0.        50.0 100.0
0 1 2609 883 0.        0.        0.0139137 0.999903  -0.0309497  0.186852   0.        50.0 100.0
0 1 2610 884 0.         0.         0.00401272 0.999992   -0.0672586  0.197247   0.        50.0 100.0
0 1 2611 885 0.        0.        0.0231084 0.999733  -0.0337538  0.173157   0.        50.0 100.0
0 1 2611 886 0.        0.        0.0189251 0.999821  0.00363812 0.17913    0.         50.0 100.0
0 1 2614 887  0.          0.         -0.00989266  0.999951   -0.0299973  0.197521   0.        50.0 100.0
0 1 2614 889  0.          0.         -0.00930783  0.999957   0.0170631 0.197309  0.        50.0 100.0
1 0 888 2612 6.65235e-05 7.43787e-03 9.05483e-03 9.99931e-01 -0.0295608  -0.204717   -0.00214261 200.0 0.12729397841988754
0 1 2616 890  0.        0.       -0.030636  0.999531 0.00200764 0.195318   0.         50.0 100.0
0 1 2618 891  0.         0.        -0.0622082  0.998063  0.0197205 0.194055  0.        50.0 100.0
0 1 2618 892  0.         0.        -0.0622342  0.998062  0.0551115 0.186632  0.        50.0 100.0
1 0 893 2612 -1.38439e-04  5.51631e-03  9.04313e-03  9.99944e-01 -0.23856    -0.194548   -0.00213675 200.0 0.12729397841988754
0 1 2621 894  0.        0.       -0.117101  0.99312  0.0198723 0.177842  0.        50.0 100.0
0 1 2622 895  0.        0.       -0.117556  0.993066 0.0421506 0.171612  0.        50.0 100.0
0 1 2624 896  0.        0.       -0.111011  0.993819 -0.0439007  0.175056   0.        50.0 100.0
0 1 2624 897  0.        0.       -0.111109  0.993808 -0.0330188  0.171879   0.        50.0 100.0
0 1 2626 898  0.        0.       -0.110493  0.993877 -0.304912  0.226069  0.       50.0 100.0
0 1 2626 900  0.        0.       -0.111528  0.993761 -0.257876  0.224476  0.       50.0 100.0
0 1 2626 901  0.        0.       -0.103863  0.994592 -0.25918  0.20418  0.      50.0 100.0
1 0 899 2612 0.00600893 0.00717865 0.00290241 0.999952   -0.46946    -0.182692   -0.00121527 200.0 0.12729397841988754
0 1 2627 902  0.        0.       -0.102357  0.994748 -0.343971  0.20238   0.       50.0 100.0
0 1 2630 903  0.        0.       -0.117724  0.993046 -0.0109373  0.152795   0.        50.0 100.0
0 1 2630 904  0.        0.       -0.121297  0.992616 0.0969306 0.151192  0.        50.0 100.0
0 1 2630 905  0.        0.       -0.117668  0.993053 0.0994415 0.154214  0.        50.0 100.0
0 1 2632 907  0.        0.       -0.129648  0.99156  -0.240181  0.180849  0.       50.0 100.0
0 1 2632 908  0.        0.       -0.128899  0.991658 -0.240185  0.182054  0.       50.0 100.0
0 1 2632 909  0.        0.       -0.125983  0.992032 -0.18117   0.154472  0.       50.0 100.0
0 1 2632 910  0.        0.       -0.123777  0.99231  0.263384  0.0133643 0.        50.0 100.0
0 1 2632 911  0.        0.       -0.123577  0.992335 0.345841   0.00251163 0.         50.0 100.0
0 1 2634 912  0.        0.       -0.145965  0.98929   0.302803  -0.0280836  0.        50.0 100.0
0 1 2632 913  0.        0.       -0.121012  0.992651  0.427312  -0.0242993  0.        50.0 100.0
0 1 2632 914  0.        0.       -0.12236   0.992486  0.440717  -0.0178153  0.        50.0 100.0
0 1 2632 915  0.        0.       -0.120585  0.992703  0.500454  -0.0412921  0.        50.0 100.0
0 1 2629 916  0.         0.        -0.0945241  0.995523  0.13435   0.0556296 0.        50.0 100.0
0 1 2629 917  0.         0.        -0.0956472  0.995415   0.652186  -0.0219796  0.        50.0 100.0
0 1 2627 918  0.         0.        -0.0805309  0.996752   0.75622    -0.00941877  0.         50.0 100.0
0 1 2629 920  0.         0.        -0.0951963  0.995459   0.756129  -0.0504507  0.        50.0 100.0
0 1 2632 921  0.        0.       -0.115181  0.993345  0.340256  -0.0515061  0.        50.0 100.0
0 1 2632 922  0.        0.       -0.122307  0.992492  0.783625  -0.0997654  0.        50.0 100.0
0 1 2632 923  0.        0.       -0.123474  0.992348  0.833308 -0.126248  0.       50.0 100.0
0 1 2634 925  0.        0.       -0.14853   0.988908  0.745483 -0.148488  0.       50.0 100.0
0 1 2634 926  0.        0.       -0.148268  0.988947  0.796876 -0.17454   0.       50.0 100.0
0 1 2634 927  0.        0.       -0.148216  0.988955  0.865027 -0.194929  0.       50.0 100.0
0 1 2637 928  0.        0.       -0.166286  0.986078  0.412342 -0.148564  0.       50.0 100.0
0 1 2635 929  0.        0.       -0.151275  0.988492  0.873886 -0.198071  0.       50.0 100.0
0 1 2637 930  0.        0.       -0.172745  0.984967  0.818249 -0.248675  0.       50.0 100.0
0 1 2637 932  0.        0.       -0.174538  0.98465   0.969166 -0.306822  0.       50.0 100.0
0 1 2637 933  0.        0.       -0.175081  0.984554  0.93412  -0.294276  0.       50.0 100.0
0 1 2639 934  0.        0.       -0.193142  0.981171  0.573177 -0.275459  0.       50.0 100.0
0 1 2638 935  0.        0.       -0.144083  0.989566  0.810062 -0.387921  0.       50.0 100.0
0 1 2640 936  0.        0.       -0.203909  0.97899   1.00105  -0.415624  0.       50.0 100.0
0 1 2640 938  0.        0.       -0.207392  0.978258  0.993082 -0.387434  0.       50.0 100.0
0 1 2640 939  0.        0.       -0.206816  0.97838   1.05937  -0.422031  0.       50.0 100.0
0 1 2639 940  0.        0.       -0.20301   0.979177  1.06278  -0.431478  0.       50.0 100.0
0 1 2640 941  0.        0.       -0.204379  0.978892  1.10884  -0.455657  0.       50.0 100.0
0 1 2640 942  0.        0.       -0.203435  0.979088  1.16536  -0.485907  0.       50.0 100.0
0 1 2640 943  0.        0.       -0.205364  0.978686  1.16528  -0.482193  0.       50.0 100.0
0 1 0 1708  0.        0.       -0.546794  0.837267 -0.523896  1.27195   0.       50.0 100.0
0 1 0 1710  0.        0.       -0.526562  0.850137 -0.503875  1.19918   0.       50.0 100.0
0 1 0 1717  0.        0.       -0.487645  0.873042 -0.175863  0.967871  0.       50.0 100.0
0 1 0 1718  0.        0.       -0.486463  0.873701 -0.123553  0.962703  0.       50.0 100.0
0 1 0 1723  0.        0.       -0.409856  0.91215  -0.0712261  0.763356   0.        50.0 100.0
0 1 0 1724  0.        0.       -0.408351  0.912825 -0.552001  0.77017   0.       50.0 100.0
0 1 0 1725  0.        0.       -0.384947  0.922939 -0.534487  0.711293  0.       50.0 100.0
0 1 0 1726  0.        0.       -0.383194  0.923668 -0.510842  0.708017  0.       50.0 100.0
0 1 0 1727  0.        0.       -0.353254  0.935527 -0.481214  0.653376  0.       50.0 100.0
0 1 0 1728  0.        0.       -0.351381  0.936233 -0.38971   0.648444  0.       50.0 100.0
0 1 0 1730  0.        0.       -0.325515  0.945537 -0.371317  0.5981    0.       50.0 100.0
0 1 0 1731  0.        0.       -0.323668  0.946171 -0.328196  0.593653  0.       50.0 100.0
0 1 0 1733  0.        0.       -0.297613  0.954687 -0.269364  0.545023  0.       50.0 100.0
0 1 0 1734  0.        0.       -0.271166  0.962533 -0.288168  0.50405   0.       50.0 100.0
0 1 0 1735  0.        0.       -0.269484  0.963005 -0.245843  0.500852  0.       50.0 100.0
0 1 0 1736  0.        0.       -0.243187  0.969979 -0.176837  0.462157  0.       50.0 100.0
0 1 0 1737  0.        0.       -0.241471  0.970408 0.0830657 0.452901  0.        50.0 100.0
0 1 0 1739  0.        0.       -0.214706  0.976679 0.1112   0.418894 0.       50.0 100.0
0 1 0 1740  0.        0.       -0.211472  0.977384 0.183184 0.410632 0.       50.0 100.0
1 0 1738 15 5.78955e-02 1.03569e-04 1.70424e-01 9.83669e-01  0.349589  -0.556974   0.0144082 200.0 0.12729397841988754
0 1 2844 1754 0.        0.        0.99945   0.0331704  1.80096  -0.199772  0.       50.0 100.0
0 1 2845 1755 0.        0.        0.998866  0.0476115  1.78416  -0.220963  0.       50.0 100.0
1 0 1753 160 -0.00523447  0.00226489  0.0519838   0.998632    0.0575789  -0.272577   -0.00791388 200.0 0.12729397841988754
0 1 2845 1756 0.        0.        0.998883  0.0472438  1.79036  -0.203645  0.       50.0 100.0
0 1 2845 1757 0.        0.        0.998358  0.0572752  1.79028  -0.219272  0.       50.0 100.0
0 1 2845 1758 0.       0.       0.998712 0.05073   1.78027  -0.194402  0.       50.0 100.0
0 1 2844 1759 0.        0.        0.998318  0.0579758  1.80216  -0.203366  0.       50.0 100.0
0 1 2844 1760 0.        0.        0.998545  0.0539247  1.79202  -0.195435  0.       50.0 100.0
0 1 2843 1761 0.        0.        0.998741  0.0501612  1.79007  -0.196606  0.       50.0 100.0
0 1 2843 1762 0.       0.       0.999052 0.043536  1.76393  -0.190375  0.       50.0 100.0
0 1 2840 1764 0.        0.        0.99907   0.0431143  1.79905  -0.195118  0.       50.0 100.0
0 1 2840 1765 0.        0.        0.999656  0.0262303  1.77873  -0.178334  0.       50.0 100.0
1 0 1763 1494 -3.19260e-03  4.32975e-04  7.03658e-02  9.97516e-01  0.169885   -0.267497   -0.00370971 200.0 0.12729397841988754
0 1 2839 1766 0.        0.        0.999481  0.0322093  1.78918  -0.188653  0.       50.0 100.0
0 1 2839 1767 0.        0.        0.999814  0.0192932  1.76041  -0.184065  0.       50.0 100.0
0 1 2836 1768 0.        0.        0.999832  0.0183172  1.78675  -0.186313  0.       50.0 100.0
0 1 2836 1770 0.         0.         0.999995   0.00329198  1.74483 -0.1802   0.      50.0 100.0
0 1 2834 1771 0.        0.        0.999996  0.0026997  1.7727   -0.183487  0.       50.0 100.0
1 0 1769 1494 7.53296e-04 1.94014e-03 4.09968e-02 9.99157e-01 -0.0310723  -0.265339   -0.00277447 200.0 0.12729397841988754
0 1 2834 1772 0.         0.         0.999995   0.00325368  1.73297  -0.186098  0.       50.0 100.0
0 1 2832 1773 0.00000e+00 0.00000e+00 1.00000e+00 4.94357e-05  1.77475  -0.181818  0.       50.0 100.0
1 0 1774 1504 -6.96103e-04  1.64290e-03  3.01372e-02  9.99544e-01  0.166875   -0.224685   -0.00252609 200.0 0.12729397841988754
1 0 1786 226  2.24774e-03 -3.44263e-04 -1.87027e-03  9.99996e-01  0.250466   -0.198612   -0.00132108 200.0 0.12729397841988754
1 0 1796 1526 -0.00286692 -0.00147736  0.0252731   0.999675    0.178714   -0.172073    0.00552127 200.0 0.12729397841988754
0 1 2806 1800  0.         0.         0.999768  -0.0215329  1.60643  -0.142162  0.       50.0 100.0
0 1 2806 1802  0.         0.         0.999841  -0.0178289  1.51646  -0.150989  0.       50.0 100.0
1 0 1801 1532 0.00130468 0.00255985 0.0279147  0.999606    0.162327   -0.174217   -0.00089671 200.0 0.12729397841988754
0 1 2806 1803  0.         0.         0.999844  -0.0176892  1.47875  -0.149002  0.       50.0 100.0
0 1 2805 1804  0.         0.         0.999889  -0.0149259  1.4787   -0.154006  0.       50.0 100.0
0 1 2804 1806  0.        0.        0.999908 -0.013587  1.43653  -0.161208  0.       50.0 100.0
1 0 1805 1532 0.00337987 0.00279804 0.0295378  0.999554    0.0103583  -0.164546    0.00137804 200.0 0.12729397841988754
0 1 2802 1807  0.         0.         0.999837  -0.0180473  1.44328 -0.15562  0.      50.0 100.0
0 1 2801 1808  0.         0.         0.999873  -0.0159118  1.44394 -0.16679  0.      50.0 100.0
0 1 2801 1809  0.         0.         0.999882  -0.0153347  1.40313  -0.169909  0.       50.0 100.0
0 1 2799 1810  0.         0.         0.999889  -0.0148685  1.44442  -0.171861  0.       50.0 100.0
0 1 2798 1811  0.         0.         0.999899  -0.0142372  1.44373  -0.169627  0.       50.0 100.0
0 1 2796 1812  0.         0.         0.999891  -0.0147596  1.44839  -0.172691  0.       50.0 100.0
0 1 2795 1813  0.         0.         0.999891  -0.0147823  1.44725  -0.170492  0.       50.0 100.0
0 1 2794 1814  0.         0.         0.999931  -0.0117073  1.44897  -0.178792  0.       50.0 100.0
0 1 2793 1815  0.         0.         0.999936  -0.0113342  1.44631  -0.176915  0.       50.0 100.0
0 1 2792 1816  0.         0.         0.999866  -0.0163797  1.44309  -0.172828  0.       50.0 100.0
0 1 2790 1818  0.          0.          0.99995    -0.00999113  1.4886   -0.179394  0.       50.0 100.0
1 0 1817 262  3.59380e-04 -7.56209e-04  4.20299e-03  9.99991e-01  0.0106287  -0.184289   -0.00055089 200.0 0.12729397841988754
0 1 2790 1819  0.         0.         0.999943  -0.0106327  1.44653  -0.179633  0.       50.0 100.0
0 1 2788 1820  0.         0.         0.999947  -0.0103395  1.48788  -0.178342  0.       50.0 100.0
0 1 2788 1821  0.          0.          0.999956   -0.00942474  1.44767  -0.180116  0.       50.0 100.0
0 1 2786 1822  0.          0.          0.999966   -0.00828472  1.48605  -0.181657  0.       50.0 100.0
0 1 2785 1823  0.          0.          0.99997    -0.00770575  1.49008  -0.180501  0.       50.0 100.0
0 1 2784 1824  0.          0.          0.999969   -0.00784633  1.48924  -0.179681  0.       50.0 100.0
0 1 2783 1825  0.          0.          0.999982   -0.00608038  1.48935 -0.18313  0.      50.0 100.0
0 1 2782 1826  0.          0.          0.999988   -0.00488522  1.48991  -0.187952  0.       50.0 100.0
0 1 2780 1828  0.          0.          0.999994   -0.00352595  1.48624  -0.186488  0.       50.0 100.0
1 0 1827 1556 -2.78589e-03 -7.97882e-04  2.03796e-02  9.99788e-01  0.0438978 -0.101565   0.0146357 200.0 0.12729397841988754
0 1 2778 1829  0.          0.          0.999995   -0.00311537  1.48454  -0.185384  0.       50.0 100.0
0 1 2777 1830  0.          0.          0.999999   -0.00157893  1.48599  -0.190281  0.       50.0 100.0
0 1 2776 1831  0.          0.          0.999998   -0.00193666  1.48881  -0.190568  0.       50.0 100.0
0 1 2772 1833 0.         0.         0.999996   0.00282668  1.52888  -0.199044  0.       50.0 100.0
1 0 1832 1563 -0.0049316  -0.00197861  0.0209665   0.999766    0.0617334  -0.108261    0.00130282 200.0 0.12729397841988754
0 1 2771 1834 0.         0.         0.999995   0.00313569  1.52509  -0.194846  0.       50.0 100.0
0 1 2769 1835 0.         0.         0.999984   0.00572986  1.52473  -0.197364  0.       50.0 100.0
0 1 2767 1837 0.         0.         0.999972   0.00746439  1.52315  -0.203048  0.       50.0 100.0
1 0 1836 1566  6.05067e-04 -3.14238e-03  2.23985e-02  9.99744e-01 -0.0496251 -0.113982   0.0013902 200.0 0.12729397841988754
0 1 2766 1838 0.         0.         0.999958   0.00918063  1.52466 -0.20326  0.      50.0 100.0
0 1 2766 1839 0.         0.         0.999984   0.00556971  1.47806  -0.197528  0.       50.0 100.0
0 1 2763 1840 0.         0.         0.999965   0.00831606  1.52128  -0.192403  0.       50.0 100.0
0 1 2762 1841 0.        0.        0.999934  0.0114475  1.52199  -0.195614  0.       50.0 100.0
0 1 2761 1842 0.        0.        0.999931  0.0117746  1.51947  -0.191885  0.       50.0 100.0
0 1 2760 1843 0.        0.        0.999945  0.0104941  1.52289  -0.191755  0.       50.0 100.0
0 1 2759 1844 0.         0.         0.999951   0.00993389  1.52084  -0.189666  0.       50.0 100.0
0 1 2758 1845 0.        0.        0.999939  0.0110143  1.52984 -0.19363  0.      50.0 100.0
0 1 2757 1846 0.        0.        0.999927  0.0121102  1.52206  -0.197006  0.       50.0 100.0
0 1 2755 1848 0.        0.        0.999914  0.0131217  1.52115  -0.199136  0.       50.0 100.0
1 0 1847 295 -0.00101585 -0.00204826  0.0023879   0.999995   -0.0108511  -0.159374    0.00945846 200.0 0.12729397841988754
0 1 2754 1849 0.        0.        0.999942  0.0107752  1.52397  -0.193614  0.       50.0 100.0
0 1 2752 1850 0.        0.        0.99994   0.0109737  1.56411  -0.188514  0.       50.0 100.0
0 1 2751 1851 0.        0.        0.99994   0.0109263  1.56351  -0.188022  0.       50.0 100.0
0 1 2750 1852 0.        0.        0.999918  0.0128149  1.56066  -0.189208  0.       50.0 100.0
0 1 2749 1853 0.       0.       0.999944 0.010573  1.55953  -0.185909  0.       50.0 100.0
0 1 2748 1854 0.         0.         0.999967   0.00811579  1.55909  -0.182005  0.       50.0 100.0
0 1 2747 1855 0.         0.         0.999951   0.00989595  1.55675  -0.184308  0.       50.0 100.0
0 1 2745 1856 0.        0.        0.999948  0.0101953  1.55622 -0.18405  0.      50.0 100.0
0 1 2744 1857 0.         0.         0.999963   0.00857071  1.55978  -0.181398  0.       50.0 100.0
0 1 2743 1859 0.         0.         0.999963   0.00855447  1.56029  -0.181698  0.       50.0 100.0
0 1 2742 1860 0.         0.         0.999963   0.00858783  1.55618  -0.181701  0.       50.0 100.0
1 0 1858 1589 4.93065e-04 8.22551e-04 1.81591e-02 9.99835e-01 -0.0321833  -0.0767814   0.00065851 200.0 0.12729397841988754
0 1 2740 1861 0.         0.         0.999962   0.00872709  1.55929  -0.180064  0.       50.0 100.0
0 1 2739 1862 0.        0.        0.999936  0.0112837  1.55949  -0.181527  0.       50.0 100.0
0 1 2736 1864 0.        0.        0.999937  0.0112044  1.55304  -0.180552  0.       50.0 100.0
0 1 2735 1865 0.        0.        0.999913  0.0131724  1.55324  -0.180271  0.       50.0 100.0
1 0 1863 1596 -0.00145738  0.00151637  0.0154665   0.999878    0.071279  -0.0330074  0.023212  200.0 0.12729397841988754
0 1 2734 1866 0.        0.        0.999945  0.0104972  1.55544  -0.176194  0.       50.0 100.0
0 1 2730 1868 0.        0.        0.999905  0.0137516  1.59381  -0.178604  0.       50.0 100.0
1 0 1867 1603 1.80100e-03 4.96018e-04 1.93914e-02 9.99810e-01  0.105375   -0.0596823   0.00231678 200.0 0.12729397841988754
0 1 2729 1869 0.        0.        0.999865  0.0164326  1.59118  -0.175172  0.       50.0 100.0
0 1 2728 1870 0.        0.        0.999877  0.0156797  1.59108  -0.176429  0.       50.0 100.0
0 1 2728 1871 0.        0.        0.999881  0.0154302  1.55295  -0.174054  0.       50.0 100.0
0 1 2727 1872 0.        0.        0.999905  0.0137739  1.55054  -0.171195  0.       50.0 100.0
0 1 2726 1873 0.        0.        0.999933  0.0115679  1.55017  -0.166056  0.       50.0 100.0
0 1 2725 1874 0.        0.        0.999938  0.0110944  1.55356  -0.165722  0.       50.0 100.0
0 1 2724 1875 0.        0.        0.999942  0.0108037  1.55056  -0.162832  0.       50.0 100.0
0 1 2723 1876 0.        0.        0.999943  0.0106371  1.55085  -0.160815  0.       50.0 100.0
0 1 2722 1877 0.        0.        0.99991   0.0134096  1.54927  -0.162196  0.       50.0 100.0
0 1 2720 1879 0.        0.        0.999925  0.0122345  1.54807  -0.160568  0.       50.0 100.0
1 0 1878 338 -0.00162754 -0.00260521  0.0113607   0.999931    0.217756   -0.162598   -0.00067375 200.0 0.12729397841988754
0 1 2720 1880 0.        0.        0.999926  0.0121325  1.50363  -0.160256  0.       50.0 100.0
0 1 2719 1881 0.        0.        0.999921  0.0125525  1.50362  -0.157807  0.       50.0 100.0
0 1 1617 1882  0.         0.        -0.0155964  0.999878  0.00127571 0.0363828  0.         50.0 100.0
0 1 1618 1883  0.        0.       -0.012691  0.999919 0.00092046 0.0349528  0.         50.0 100.0
0 1 1619 1884  0.         0.        -0.0128462  0.999917  0.00170324 0.0349731  0.         50.0 100.0
0 1 1620 1885  0.        0.       -0.011133  0.999938 0.00040314 0.0330238  0.         50.0 100.0
0 1 1621 1886  0.         0.        -0.0112496  0.999937  -0.00110082  0.0330919   0.         50.0 100.0
0 1 1623 1887  0.         0.        -0.0120454  0.999927  0.00091924 0.0316641  0.         50.0 100.0
0 1 1624 1888  0.         0.        -0.0116784  0.999932  4.09370e-05 3.08029e-02 0.00000e+00 50.0 100.0
0 1 1626 1890  0.         0.        -0.0122007  0.999926  -0.00198614  0.0298572   0.         50.0 100.0
1 0 1889 1622 0.00184651 0.00121809 0.00574987 0.999981   -0.00238694  0.0288127  -0.00019547 200.0 0.12729397841988754
0 1 1627 1891  0.         0.        -0.0120603  0.999927  -0.00636609  0.0264598   0.         50.0 100.0
0 1 1628 1892  0.         0.        -0.0117001  0.999932  -0.00600659  0.0272273   0.         50.0 100.0
0 1 1628 1893  0.         0.        -0.0110185  0.999939  0.0336496 0.0248695 0.        50.0 100.0
0 1 1631 1894  0.         0.        -0.0105346  0.999945  -0.00818906  0.025913    0.         50.0 100.0
0 1 1631 1896  0.          0.         -0.00988966  0.999951   0.0344887 0.0222965 0.        50.0 100.0
0 1 1634 1897  0.         0.        -0.0125371  0.999921  -0.00412595  0.0239466   0.         50.0 100.0
1 0 1895 1629 -4.52912e-04 -6.53152e-04  5.37758e-03  9.99985e-01 0.013444   0.0204253  0.00244154 200.0 0.12729397841988754
0 1 1637 1899  0.          0.         -0.00973279  0.999953   -0.0461384  0.0211684  0.        50.0 100.0
0 1 1639 1900  0.          0.         -0.00797694  0.999968   -0.0450902  0.0201962  0.        50.0 100.0
1 0 1898 1632 -6.15772e-04  1.63373e-03  7.56714e-03  9.99970e-01 -0.000932  -0.0094571  0.0334343 200.0 0.12729397841988754
0 1 1639 1901  0.          0.         -0.00793239  0.999969   0.00114637 0.0194192  0.         50.0 100.0
0 1 1641 1902  0.          0.         -0.00983645  0.999952   -0.0494801  0.0201314  0.        50.0 100.0
0 1 1641 1903  0.          0.         -0.00974942  0.999952   -0.0100565  0.0195472  0.        50.0 100.0
0 1 1642 1904  0.         0.        -0.0106397  0.999943  -0.0056902  0.0167395  0.        50.0 100.0
0 1 1642 1905  0.         0.        -0.0105521  0.999944  0.0385068 0.0158927 0.        50.0 100.0
0 1 1644 1906  0.          0.         -0.00826865  0.999966   -0.00430174  0.0152112   0.         50.0 100.0
0 1 1645 1907  0.          0.         -0.00847023  0.999964   -0.00189792  0.015848    0.         50.0 100.0
0 1 1646 1908  0.         0.        -0.0159846  0.999872  -0.00569241  0.0130452   0.         50.0 100.0
0 1 1648 1910  0.        0.       -0.01903   0.999819 -0.00728018  0.0103102   0.         50.0 100.0
1 0 1909 372 -3.85720e-04 -1.57805e-03  2.44145e-03  9.99996e-01  9.67475e-02 -1.37939e-01  4.38684e-05 200.0 0.12729397841988754
0 1 1649 1911  0.        0.       -0.019454  0.999811 -0.0123212  0.0110356  0.        50.0 100.0
0 1 1651 1912  0.         0.        -0.0181025  0.999836  -0.0540424   0.00905355  0.         50.0 100.0
0 1 1651 1913  0.         0.        -0.0179122  0.99984   -0.0118519  0.0077995  0.        50.0 100.0
0 1 1652 1914  0.        0.       -0.016834  0.999858 -0.0135927  0.0050845  0.        50.0 100.0
0 1 1653 1915  0.        0.       -0.016628  0.999862 -0.0117682  0.0043469  0.        50.0 100.0
0 1 1654 1916  0.        0.       -0.016029  0.999872 -0.0150363   0.00392512  0.         50.0 100.0
0 1 1655 1917  0.         0.        -0.0159232  0.999873  -0.0169426   0.00326421  0.         50.0 100.0
0 1 1657 1918  0.         0.        -0.0133644  0.999911  -0.0124326   0.00108625  0.         50.0 100.0
0 1 1658 1919  0.         0.        -0.0132559  0.999912  -0.0120632   0.00095808  0.         50.0 100.0
0 1 1659 1921  0.         0.        -0.0142607  0.999898  -9.00405e-03 -8.66248e-05  0.00000e+00 50.0 100.0
0 1 1659 1922  0.         0.        -0.0141167  0.9999     0.0318689 -0.0012637  0.        50.0 100.0
0 1 1661 1923  0.         0.        -0.0142106  0.999899  -0.0113437  -0.00180239  0.         50.0 100.0
1 0 1920 1656 -3.07688e-04  1.85187e-03  1.21495e-02  9.99924e-01 0.00053514 0.0211166  0.0231409  200.0 0.12729397841988754
0 1 1663 1924  0.         0.        -0.0142371  0.999899  -0.0152779  -0.00271606  0.         50.0 100.0
0 1 1664 1925  0.         0.        -0.0153035  0.999883  -0.0293032  -0.00452018  0.         50.0 100.0
0 1 1665 1926  0.        0.       -0.015568  0.999879 -0.0191587  -0.00336427  0.         50.0 100.0
0 1 1665 1928  0.         0.        -0.0146412  0.999893   0.018252   -0.00730704  0.         50.0 100.0
0 1 1667 1929  0.         0.        -0.0133831  0.99991    0.0217077  -0.00942491  0.         50.0 100.0
0 1 1668 1930  0.         0.        -0.0145444  0.999894   0.0142137  -0.00821548  0.         50.0 100.0
1 0 1927 1666 -1.71648e-04 -1.12468e-03  4.71741e-03  9.99988e-01  0.034319   0.0910385 -0.0136425 200.0 0.12729397841988754
1 0 1931 1666 1.10791e-03 3.67082e-04 1.22438e-02 9.99924e-01 -0.0794394   0.0252265   0.00804899 200.0 0.12729397841988754
0 1 1672 1932  0.         0.        -0.0135249  0.999909   0.01554   -0.0125883  0.        50.0 100.0
0 1 1673 1933  0.         0.        -0.0143742  0.999897   0.00221704 -0.013572    0.         50.0 100.0
0 1 1674 1934  0.         0.        -0.0148072  0.99989   -0.0847892 -0.0121868  0.        50.0 100.0
0 1 1675 1935  0.         0.        -0.0140394  0.999901  -0.017463  -0.0181445  0.        50.0 100.0
0 1 1676 1936  0.         0.        -0.0139424  0.999903  -0.0923335 -0.0159619  0.        50.0 100.0
0 1 1676 1937  0.         0.        -0.0150525  0.999887  -0.0151078 -0.0183224  0.        50.0 100.0
0 1 1678 1938  0.         0.        -0.0150884  0.999886  -0.0907922 -0.0186419  0.        50.0 100.0
0 1 1679 1939  0.         0.        -0.0156109  0.999878  -0.0155872 -0.0212329  0.        50.0 100.0
1 0 1940 401  2.00435e-04  9.31143e-05 -3.11797e-03  9.99995e-01 -0.115826  -0.130092   0.0004004 200.0 0.12729397841988754
0 1 1680 1941  0.         0.        -0.0152107  0.999884  -0.0101003 -0.0224014  0.        50.0 100.0
0 1 1682 1942  0.         0.        -0.0146532  0.999893  -0.0861116 -0.0217856  0.        50.0 100.0
0 1 1682 1943  0.         0.        -0.0148992  0.999889  -0.0104752 -0.0288426  0.        50.0 100.0
0 1 1684 1944  0.         0.        -0.0158077  0.999875  -0.0853411 -0.0265651  0.        50.0 100.0
0 1 1684 1945  0.         0.        -0.0145182  0.999895  -0.0088265 -0.0311535  0.        50.0 100.0
0 1 1686 1946  0.         0.        -0.0155554  0.999879  -0.0867281 -0.0309942  0.        50.0 100.0
0 1 1687 1947  0.         0.        -0.0178993  0.99984   -0.016816 -0.030871  0.       50.0 100.0
0 1 1686 1948  0.         0.        -0.0175512  0.999846  -0.0051538 -0.0315514  0.        50.0 100.0
0 1 1689 1949  0.         0.        -0.0168058  0.999859  -0.0146099 -0.0349934  0.        50.0 100.0
0 1 1689 1950  0.         0.        -0.0166063  0.999862  -0.0104461 -0.0349926  0.        50.0 100.0
0 1 1692 1951  0.         0.        -0.0150705  0.999886  -0.0185174 -0.0371619  0.        50.0 100.0
0 1 1694 1953  0.         0.        -0.0141538  0.9999    -0.0199457 -0.0386237  0.        50.0 100.0
1 0 1952 1695 3.64987e-03 7.06356e-04 1.67710e-02 9.99852e-01 0.139248  0.0327841 0.0149362 200.0 0.12729397841988754
0 1 1694 1954  0.         0.        -0.0143903  0.999896  -0.015182  -0.0362058  0.        50.0 100.0
0 1 1696 1955  0.         0.        -0.0147182  0.999892  -0.0141118 -0.0417785  0.        50.0 100.0
0 1 1697 1956  0.         0.        -0.0147591  0.999891  -0.0137286 -0.0406896  0.        50.0 100.0
0 1 1698 1957  0.         0.        -0.0131631  0.999913  -0.0152371 -0.0390416  0.        50.0 100.0
0 1 1701 1959  0.         0.        -0.0125419  0.999921  -0.0937657 -0.0393817  0.        50.0 100.0
0 1 1702 1960  0.         0.        -0.0138948  0.999903  -0.0222133 -0.0450723  0.        50.0 100.0
0 1 1709 1962  0.          0.         -0.00969625  0.999953   -0.264893  -0.0460935  0.        50.0 100.0
0 1 1704 1963  0.         0.        -0.0130708  0.999915  -0.0158009 -0.046804   0.        50.0 100.0
1 0 1958 1699 8.14015e-04 1.42339e-03 2.94837e-03 9.99994e-01 -9.68226e-03  1.25022e-01 -8.88445e-05 200.0 0.12729397841988754
0 1 1706 1964  0.         0.        -0.0124141  0.999923  -0.093701 -0.048182  0.       50.0 100.0
0 1 1706 1965  0.         0.        -0.0114617  0.999934  -0.0168948 -0.0495558  0.        50.0 100.0
0 1 1708 1966  0.          0.         -0.00925984  0.999957   -0.0929862 -0.0500978  0.        50.0 100.0
0 1 1708 1967  0.          0.         -0.00953182  0.999955   -0.0162799 -0.0524048  0.        50.0 100.0
0 1 1708 1968  0.          0.         -0.00962207  0.999954   -0.0111103 -0.0534024  0.        50.0 100.0
0 1 1710 1969  0.         0.        -0.0108069  0.999942  -0.0146664 -0.055171   0.        50.0 100.0
1 0 1961 1703  6.01409e-04 -2.23375e-04  3.20275e-03  9.99995e-01  0.0005018   0.118455   -0.00204686 200.0 0.12729397841988754
0 1 1712 1971  0.          0.         -0.00983441  0.999952   -0.0144781 -0.0567135  0.        50.0 100.0
0 1 1722 1980  0.         0.        -0.0126036  0.999921  -0.0896814 -0.0635249  0.        50.0 100.0
0 1 1725 1982  0.         0.        -0.0120959  0.999927  -0.0891981 -0.0668396  0.        50.0 100.0
0 1 1727 1984  0.         0.        -0.0141157  0.9999    -0.089769  -0.0658717  0.        50.0 100.0
0 1 1730 1986  0.         0.        -0.0140555  0.999901  -0.0691868 -0.0732936  0.        50.0 100.0
1 0 1985 1729 -5.57980e-04 -9.24096e-04  1.65060e-02  9.99863e-01  0.114138    0.0767523  -0.00492524 200.0 0.12729397841988754
0 1 1732 1987  0.         0.        -0.0126059  0.999921  -0.138421  -0.0742807  0.        50.0 100.0
0 1 1732 1988  0.         0.        -0.0128192  0.999918  -0.0725211 -0.0714897  0.        50.0 100.0
0 1 1735 1989  0.         0.        -0.0117465  0.999931  -0.0928668 -0.0695895  0.        50.0 100.0
0 1 1735 1990  0.          0.         -0.00792989  0.999969   -0.0502775 -0.0705152  0.        50.0 100.0
0 1 1739 1992  0.          0.         -0.00508128  0.999987   -0.0524737 -0.0730244  0.        50.0 100.0
0 1 1741 1995  0.          0.         -0.00489629  0.999988   -0.0504525 -0.0722376  0.        50.0 100.0
1 0 1994 1736 -5.92716e-04 -1.35558e-04  1.96579e-03  9.99998e-01 -0.00064681  0.108139    0.00737594 200.0 0.12729397841988754
0 1 1742 1996  0.          0.         -0.00217475  0.999998   -0.0182673 -0.0720926  0.        50.0 100.0
0 1 1747 1997  0.          0.         -0.00241253  0.999997   -0.190765  -0.0740167  0.        50.0 100.0
0 1 1741 1998 0.        0.        0.0018558 0.999998   0.0803507 -0.0799415  0.        50.0 100.0
0 1 1744 2000  0.          0.         -0.00521002  0.999986    0.0231802 -0.0730749  0.        50.0 100.0
1 0 1999 1736 -1.59639e-03 -4.12954e-03  5.49969e-04  9.99990e-01 -0.260727    0.067008   -0.00799824 200.0 0.12729397841988754
0 1 1745 2001  0.          0.         -0.00450169  0.99999     0.0225473 -0.0751756  0.        50.0 100.0
0 1 1747 2002 0.00000e+00 0.00000e+00 8.91954e-04 1.00000e+00 -0.0228165 -0.083063   0.        50.0 100.0
0 1 1747 2003  0.          0.         -0.00287223  0.999996    0.0519042 -0.0728258  0.        50.0 100.0
1 0 2004 1757 -2.69444e-03 -6.09637e-04  1.91495e-02  9.99813e-01 0.381864   0.0504419  0.00096888 200.0 0.12729397841988754
0 1 1749 2005  0.00000e+00  0.00000e+00 -1.99312e-04  1.00000e+00  0.0169819 -0.0811588  0.        50.0 100.0
0 1 1749 2006  0.          0.         -0.00126678  0.999999    0.0919117 -0.0784223  0.        50.0 100.0
0 1 1750 2007  0.          0.         -0.00328697  0.999995    0.0520921 -0.0775361  0.        50.0 100.0
0 1 1751 2008  0.          0.         -0.00492069  0.999988    0.0848809 -0.0802598  0.        50.0 100.0
0 1 1753 2009  0.          0.         -0.00554318  0.999985    0.0364617 -0.0789915  0.        50.0 100.0
0 1 1754 2010  0.          0.         -0.00762311  0.999971    0.0379366 -0.0828361  0.        50.0 100.0
0 1 1753 2011  0.          0.         -0.00579489  0.999983    0.0872647 -0.0824025  0.        50.0 100.0
0 1 1754 2012  0.          0.         -0.00624199  0.999981    0.122776  -0.0863794  0.        50.0 100.0
0 1 1758 2013  0.         0.        -0.0125821  0.999921   0.037708  -0.0861869  0.        50.0 100.0
0 1 1759 2014  0.         0.        -0.0183885  0.999831   0.0272741 -0.0879445  0.        50.0 100.0
0 1 1761 2015  0.        0.       -0.026202  0.999657 -0.0366109 -0.0862491  0.        50.0 100.0
0 1 1761 2017  0.         0.        -0.0273367  0.999626   0.00244895 -0.0902134   0.         50.0 100.0
1 0 2016 1762 -2.53098e-03 -6.09936e-04  3.01304e-02  9.99543e-01 0.0453173  0.113197   0.00350194 200.0 0.12729397841988754
0 1 1763 2018  0.         0.        -0.0275454  0.999621   0.00138186 -0.0912337   0.         50.0 100.0
0 1 1764 2019  0.        0.       -0.032684  0.999466  0.00822752 -0.0958114   0.         50.0 100.0
0 1 1765 2020  0.         0.        -0.0325466  0.99947    0.00706548 -0.0955581   0.         50.0 100.0
0 1 1765 2021  0.         0.        -0.0293157  0.99957    0.0625457 -0.105415   0.        50.0 100.0
0 1 1768 2022  0.         0.        -0.0351377  0.999382   0.0112404 -0.0969264  0.        50.0 100.0
0 1 1769 2023  0.         0.        -0.0313355  0.999509   0.0115546 -0.105499   0.        50.0 100.0
0 1 1773 2024  0.         0.        -0.0308759  0.999523  -0.0680495 -0.101301   0.        50.0 100.0
1 0 2025 1766 -2.36824e-04 -8.63673e-04  3.31614e-02  9.99450e-01 -0.192612    0.0965064   0.00644976 200.0 0.12729397841988754
0 1 1774 2026  0.         0.        -0.0292109  0.999573  -0.0265817 -0.109156   0.        50.0 100.0
0 1 1774 2027  0.        0.       -0.029416  0.999567  0.0178716 -0.114316   0.        50.0 100.0
0 1 1776 2028  0.         0.        -0.0314441  0.999506  -0.0249615 -0.109366   0.        50.0 100.0
0 1 1777 2029  0.         0.        -0.0264364  0.99965   -0.0171548 -0.121643   0.        50.0 100.0
0 1 1779 2030  0.         0.        -0.0293039  0.999571  -0.0668508 -0.115416   0.        50.0 100.0
0 1 1779 2032  0.        0.       -0.026056  0.99966  -0.0217487 -0.126053   0.        50.0 100.0
1 0 2031 1770 0.00422069 0.00161372 0.0315334  0.999492   -0.298576    0.0947666   0.00882827 200.0 0.12729397841988754
0 1 1781 2033  0.         0.        -0.0266144  0.999646  -0.0697179 -0.12519    0.        50.0 100.0
0 1 1781 2034  0.         0.        -0.0268469  0.99964   -0.017394 -0.129673  0.       50.0 100.0
0 1 1784 2036  0.         0.        -0.0294257  0.999567  -0.0690317 -0.129004   0.        50.0 100.0
1 0 2035 1790 -3.74339e-04 -2.79001e-03  3.29203e-02  9.99454e-01 0.37405    0.115923   0.00065359 200.0 0.12729397841988754
0 1 1786 2037  0.         0.        -0.0298839  0.999553  -0.114025 -0.12748   0.       50.0 100.0
0 1 1786 2038  0.         0.        -0.0268191  0.99964   -0.0687385 -0.137624   0.        50.0 100.0
0 1 1788 2039  0.         0.        -0.0305251  0.999534  -0.11008 -0.13061  0.      50.0 100.0
0 1 1788 2040  0.         0.        -0.0295932  0.999562  -0.0695918 -0.1381     0.        50.0 100.0
0 1 1793 2041  0.         0.        -0.0296077  0.999562  -0.190707 -0.138161  0.       50.0 100.0
0 1 1791 2042  0.         0.        -0.0269314  0.999637  -0.0709705 -0.145675   0.        50.0 100.0
0 1 1793 2043  0.         0.        -0.0301847  0.999544  -0.106699 -0.140655  0.       50.0 100.0
0 1 1794 2044  0.         0.        -0.0265334  0.999648  -0.107713 -0.15325   0.       50.0 100.0
0 1 1795 2045  0.        0.       -0.03073   0.999528 -0.105377 -0.147315  0.       50.0 100.0
0 1 1797 2046  0.         0.        -0.0286928  0.999588  -0.104588 -0.157734  0.       50.0 100.0
1 0 2047 1799  5.97965e-05 -2.25048e-05  2.52204e-02  9.99682e-01 0.128659   0.142236   0.00056086 200.0 0.12729397841988754
0 1 1800 2048  0.         0.        -0.0274301  0.999624  -0.106819 -0.162871  0.       50.0 100.0
0 1 1804 2049  0.         0.        -0.0306715  0.99953   -0.194794 -0.156406  0.       50.0 100.0
0 1 1804 2050  0.         0.        -0.0263365  0.999653  -0.156264 -0.170849  0.       50.0 100.0
0 1 1806 2051  0.         0.        -0.0316328  0.9995    -0.192338 -0.162492  0.       50.0 100.0
0 1 1806 2052  0.         0.        -0.0263325  0.999653  -0.160188 -0.178023  0.       50.0 100.0
0 1 1804 2053  0.         0.        -0.0212034  0.999775  -0.0333814 -0.185614   0.        50.0 100.0
0 1 1805 2054  0.         0.        -0.0235629  0.999722  -0.0143702 -0.18335    0.        50.0 100.0
0 1 1809 2055  0.         0.        -0.0266979  0.999644  -0.160936 -0.183211  0.       50.0 100.0
0 1 1809 2057  0.         0.        -0.0300497  0.999548  -0.105061 -0.181751  0.       50.0 100.0
1 0 2056 1803  5.29998e-05 -4.49051e-06  2.51185e-02  9.99684e-01 -0.122786    0.156677    0.00044814 200.0 0.12729397841988754
0 1 1811 2058  0.        0.       -0.02768   0.999617 -0.16012  -0.188081  0.       50.0 100.0
0 1 1809 2059  0.         0.        -0.0258425  0.999666  -0.0280243 -0.192036   0.        50.0 100.0
0 1 1813 2060  0.         0.        -0.0281499  0.999604  -0.15834 -0.19068  0.      50.0 100.0
0 1 1813 2061  0.         0.        -0.0292926  0.999571  -0.104987 -0.191183  0.       50.0 100.0
1 0 2062 1803 5.06785e-05 5.37611e-06 2.62120e-02 9.99656e-01 -0.347952    0.163228    0.00039499 200.0 0.12729397841988754
0 1 1813 2063  0.         0.        -0.0260474  0.999661  -0.0123906 -0.202521   0.        50.0 100.0
0 1 1815 2064  0.         0.        -0.0214588  0.99977   -0.0616433 -0.211001   0.        50.0 100.0
0 1 1817 2065  0.         0.        -0.0293873  0.999568  -0.107985 -0.202282  0.       50.0 100.0
1 0 2066 1823 7.21560e-05 8.14028e-04 4.14907e-02 9.99139e-01 0.339627  0.195427  0.0112553 200.0 0.12729397841988754
0 1 1819 2067  0.         0.        -0.0314844  0.999504  -0.107333 -0.203802  0.       50.0 100.0
0 1 1820 2068  0.         0.        -0.0372135  0.999307  -0.110699 -0.197986  0.       50.0 100.0
0 1 1821 2069  0.         0.        -0.0382896  0.999267  -0.0996407 -0.204563   0.        50.0 100.0
0 1 1824 2070  0.         0.        -0.0291363  0.999575  -0.141152 -0.227307  0.       50.0 100.0
0 1 1824 2071  0.         0.        -0.0265246  0.999648  -0.0827959 -0.225579   0.        50.0 100.0
0 1 1824 2072  0.         0.        -0.0178818  0.99984   -0.0470467 -0.23621    0.        50.0 100.0
0 1 1826 2073  0.          0.         -0.00478951  0.999989   -0.0646381 -0.235627   0.        50.0 100.0
0 1 1827 2074 0.         0.         0.00263546 0.999997   -0.108248 -0.243975  0.       50.0 100.0
0 1 1825 2075 0.        0.        0.0108813 0.999941   0.0395421 -0.242457   0.        50.0 100.0
0 1 1828 2076  0.         0.        -0.0195514  0.999809  -0.0302021 -0.196797   0.        50.0 100.0
0 1 1831 2078  0.         0.        -0.0140363  0.999901  -0.0716636 -0.209664   0.        50.0 100.0
1 0 2077 1829 -0.00166866  0.00145137  0.00983688  0.999949    0.00725074  0.203234   -0.00146512 200.0 0.12729397841988754
0 1 1831 2079  0.        0.       -0.013466  0.999909  0.00562943 -0.214897    0.         50.0 100.0
0 1 1831 2080  0.         0.        -0.0132996  0.999912   0.00491216 -0.214942    0.         50.0 100.0
0 1 1834 2081  0.         0.        -0.0136043  0.999907  -0.0078827 -0.217149   0.        50.0 100.0
0 1 1834 2082  0.         0.        -0.0129512  0.999916  -0.00719292 -0.217611    0.         50.0 100.0
0 1 1836 2083 0.         0.         0.00322744 0.999995    0.0234673 -0.240611   0.        50.0 100.0
0 1 1837 2084  0.         0.        -0.0113131  0.999936  -0.0201417 -0.224265   0.        50.0 100.0
0 1 1839 2085  0.         0.        -0.0086047  0.999963  -0.0277428 -0.227903   0.        50.0 100.0
0 1 1841 2087  0.          0.         -0.00815952  0.999967   -0.103677 -0.229823  0.       50.0 100.0
0 1 1842 2088  0.          0.         -0.00582564  0.999983   -0.102527 -0.232015  0.       50.0 100.0
0 1 1844 2089 0.         0.         0.00160359 0.999999   -0.178613 -0.235939  0.       50.0 100.0
0 1 1840 2090  0.          0.         -0.00248528  0.999997    0.0664625 -0.233523   0.        50.0 100.0
0 1 1841 2091  0.          0.         -0.00509167  0.999987    0.0626072 -0.232541   0.        50.0 100.0
0 1 1846 2092 0.        0.        0.0194785 0.99981   -0.0955243 -0.232556   0.        50.0 100.0
0 1 1845 2094 0.        0.        0.0186886 0.999825  -0.0111073 -0.232544   0.        50.0 100.0
0 1 1848 2095 0.        0.        0.0360247 0.999351  -0.0941282 -0.228785   0.        50.0 100.0
0 1 1848 2096 0.        0.        0.0373027 0.999304  -0.0875795 -0.228235   0.        50.0 100.0
0 1 1851 2098 0.       0.       0.053215 0.998583 -0.0839634 -0.219281   0.        50.0 100.0
0 1 1852 2099 0.        0.        0.0653278 0.997864  -0.0692576 -0.213463   0.        50.0 100.0
0 1 1852 2100 0.        0.        0.0666604 0.997776  -0.0638801 -0.213031   0.        50.0 100.0
0 1 1855 2101 0.        0.        0.0913444 0.995819  -0.0494075 -0.202755   0.        50.0 100.0
0 1 1852 2102 0.        0.        0.0771584 0.997019   0.0144493 -0.199601   0.        50.0 100.0
0 1 1855 2103 0.       0.       0.112175 0.993688  0.0300632 -0.182486   0.        50.0 100.0
0 1 1852 2104 0.        0.        0.0987849 0.995109   0.0924481 -0.182594   0.        50.0 100.0
0 1 1854 2105 0.       0.       0.135799 0.990736  0.109897 -0.159251  0.       50.0 100.0
0 1 1854 2106 0.       0.       0.1385   0.990362  0.11564  -0.147292  0.       50.0 100.0
0 1 1854 2107 0.       0.       0.159768 0.987155  0.184134 -0.13684   0.       50.0 100.0
0 1 1854 2108 0.       0.       0.162827 0.986655  0.189282 -0.125651  0.       50.0 100.0
0 1 1851 2110 0.       0.       0.167579 0.985859  0.384298 -0.109809  0.       50.0 100.0
1 0 2109 1865  0.00169606 -0.00371874 -0.264919    0.964262    0.0833439  0.0884472 -0.0538341 200.0 0.12729397841988754
0 1 1854 2111 0.       0.       0.213979 0.976838  0.336965  -0.0740124  0.        50.0 100.0
0 1 1854 2112 0.       0.       0.217655 0.976026  0.344015  -0.0656452  0.        50.0 100.0
0 1 1854 2113 0.       0.       0.240156 0.970734  0.412029  -0.0431699  0.        50.0 100.0
0 1 1848 2114 0.       0.       0.212372 0.977189  0.621945  -0.0609633  0.        50.0 100.0
0 1 1850 2115 0.       0.       0.243272 0.969958  0.613293  -0.0116827  0.        50.0 100.0
0 1 1846 2116 0.       0.       0.23086  0.972987  0.779231  -0.0111828  0.        50.0 100.0
0 1 1851 2117 0.       0.       0.268556 0.963264 0.682047  0.0178072 0.        50.0 100.0
0 1 1848 2119 0.       0.       0.28593  0.958251 0.833184  0.0478597 0.        50.0 100.0
0 1 1846 2120 0.       0.       0.283143 0.959078 0.922553  0.0611009 0.        50.0 100.0
0 1 1848 2121 0.       0.       0.30985  0.950785 0.89977   0.0890768 0.        50.0 100.0
0 1 1852 2123 0.       0.       0.329351 0.944208 0.756391 0.136771 0.       50.0 100.0
0 1 1848 2124 0.       0.       0.333432 0.942774 0.965782 0.134802 0.       50.0 100.0
0 1 1851 2125 0.       0.       0.343728 0.939069 0.884878 0.156786 0.       50.0 100.0
0 1 1848 2126 0.       0.       0.343136 0.939286 1.02747  0.176985 0.       50.0 100.0
0 1 1848 2127 0.       0.       0.343811 0.939039 1.03208  0.179495 0.       50.0 100.0
0 1 1848 2129 0.       0.       0.350636 0.936512 1.09515  0.239424 0.       50.0 100.0
0 1 1851 2130 0.       0.       0.363255 0.93169  1.06468  0.291037 0.       50.0 100.0
0 1 1851 2131 0.       0.       0.366081 0.930583 1.06748  0.300252 0.       50.0 100.0
0 1 1851 2132 0.       0.       0.374938 0.92705  1.12382  0.350996 0.       50.0 100.0
0 1 1851 2133 0.       0.       0.374496 0.927229 1.12736  0.350973 0.       50.0 100.0
0 1 1851 2134 0.       0.       0.384176 0.92326  1.18442  0.403911 0.       50.0 100.0
0 1 1852 2135 0.       0.       0.389415 0.921062 1.11832  0.421698 0.       50.0 100.0
0 1 1854 2136 0.       0.       0.407287 0.9133   1.09438  0.505158 0.       50.0 100.0
0 1 1848 2137 0.       0.       0.392843 0.919606 1.34724  0.466531 0.       50.0 100.0
0 1 1854 2138 0.       0.       0.41887  0.908046 1.14795  0.570909 0.       50.0 100.0
0 1 1852 2139 0.       0.       0.411602 0.911364 1.23685  0.547885 0.       50.0 100.0