0 1 3999 0 -0.4811386 -0.4908036 0.7245949 0.0507911 9.730774 -10.712264 12.402882 200.0 100.0
0 1 3601 381 0.0677068 0.3663766 0.2897443 0.8816077 -0.190078 0.856473 0.014377 200.0 100.0
0 1 3602 382 -0.1468757 -0.484041 0.4505832 0.7355995 -0.403686 0.149225 1.102814 200.0 100.0
0 1 3604 384 0.2119874 0.07004 0.9307912 0.2894537 -0.150481 0.977097 0.117493 200.0 100.0
0 1 3605 385 -0.1501926 -0.2571162 0.2297366 0.9265822 0.705254 -0.191811 0.792857 200.0 100.0
0 1 3606 386 0.1326376 -0.1349539 -0.4532093 0.871089 -0.376454 0.938038 0.406775 200.0 100.0
0 1 3607 387 -0.9221578 0.0762627 0.0664464 0.373355 -0.562045 0.630162 0.197709 200.0 100.0
0 1 3609 389 0.2222118 0.0760834 -0.5649559 0.7909855 -0.818977 -0.35836 0.653525 200.0 100.0
0 1 3610 390 -0.0336354 -0.5300136 0.8115866 0.243478 0.81993 -0.592799 0.217974 200.0 100.0
0 1 3611 391 -0.3747192 0.1124414 -0.8201067 0.4175733 -0.367261 0.332524 0.647234 200.0 100.0
0 1 3612 392 0.8487469 -0.3261397 0.3772202 0.1759731 -0.289965 -0.653538 0.385372 200.0 100.0
0 1 3613 393 0.2974333 -0.7864402 -0.493094 0.223391 -0.642837 0.53855 0.475726 200.0 100.0
0 1 3614 394 -0.5484884 -0.441308 -0.5832521 0.4052465 -0.407437 0.150335 0.70102 200.0 100.0
0 1 3616 396 -0.0185529 -0.3888782 0.660007 0.6425109 0.648445 -0.236067 0.704964 200.0 100.0
0 1 3618 398 -0.1252741 0.1796269 -0.5682497 0.793179 0.404025 -0.646904 0.570022 200.0 100.0
0 1 3619 399 -0.3378593 -0.0855441 -0.6418669 0.6830375 -0.384755 0.221275 0.932637 200.0 100.0
0 1 3621 361 -0.5339985 -0.3349193 -0.6868253 0.3618643 0.382651 1.095405 0.023 200.0 100.0
0 1 3622 362 -0.4093219 0.1179128 0.8963505 0.1229145 0.214318 0.61476 0.536177 200.0 100.0
0 1 3623 363 -0.6154623 -0.47358 -0.3834856 0.4998668 0.195515 0.732215 0.632557 200.0 100.0
0 1 3624 364 0.3338752 0.3871151 0.136793 0.8485027 0.127243 -1.034984 0.684547 200.0 100.0
0 1 3626 366 0.7357611 -0.4126169 -0.4046814 0.353038 -0.412306 -0.734999 0.138344 200.0 100.0
0 1 3627 367 0.4202967 0.2365751 0.2996491 0.8231606 -0.529129 -0.413608 0.77376 200.0 100.0
0 1 3628 368 0.1841684 0.0543139 0.7951116 0.5752647 -0.530421 -0.042202 0.784377 200.0 100.0
0 1 3631 371 0.00252 -0.2761083 -0.3973991 0.8751182 -0.681356 -0.821836 0.501904 200.0 100.0
0 1 3632 372 -0.2729261 -0.0497193 -0.7805297 0.5601899 0.089696 -0.027775 0.784109 200.0 100.0
0 1 3633 373 -0.2120714 0.7187761 -0.6620939 0.0042718 0.462293 -0.806409 0.382877 200.0 100.0
0 1 3636 376 -0.8613342 0.2256024 0.1225252 0.4384 -0.528585 0.788478 0.141397 200.0 100.0
0 1 3638 378 -0.6397707 0.4368998 0.2862307 0.563812 -0.246821 0.90069 0.401579 200.0 100.0
0 1 3639 379 0.5855115 0.2073351 -0.4401548 0.6484229 0.760736 -0.513226 0.117808 200.0 100.0
0 1 3640 340 0.5521627 0.2139331 0.0362867 0.8050045 -0.214048 -0.091447 0.954553 200.0 100.0
0 1 3642 342 0.3053415 -0.1164443 0.1545153 0.9323799 -0.715101 -0.809201 0.10344 200.0 100.0
0 1 3643 343 0.05469 0.8552097 -0.2541779 0.4483515 0.9108 0.212489 0.427367 200.0 100.0
0 1 3644 344 0.425135 -0.3297844 -0.0594649 0.840813 -1.031234 -0.27164 0.377242 200.0 100.0
0 1 3646 346 -0.1687653 0.5650898 0.5854322 0.5562921 -0.701778 -0.039104 0.782354 200.0 100.0
0 1 3648 348 0.6189389 -0.002889 -0.1311831 0.7744013 -0.811824 -0.290875 0.587365 200.0 100.0
0 1 3652 352 0.8346733 -0.4353106 -0.2143749 0.2605159 -0.681571 -0.641613 0.633863 200.0 100.0
0 1 3653 353 -0.2192419 0.074048 0.7423091 0.6288299 -0.829865 -0.31991 0.353196 200.0 100.0
0 1 3654 354 0.294421 0.385763 0.2190265 0.8464813 0.569666 0.132061 0.837143 200.0 100.0
0 1 3655 355 -0.3554295 0.0107891 0.5396618 0.763098 0.278985 -0.507367 0.921463 200.0 100.0
0 1 3657 357 -0.3921183 0.2112028 0.7105892 0.5447014 -0.721184 -0.028552 0.645017 200.0 100.0
0 1 3658 358 0.3277251 0.6765803 -0.6577349 0.0471189 0.020451 -0.646711 0.850142 200.0 100.0
0 1 3659 359 -0.8506477 0.2934612 0.3308762 0.2842533 0.292677 0.747833 0.256569 200.0 100.0
0 1 3660 320 -0.7309754 -0.2143116 -0.6364292 0.1212574 0.875327 0.411395 0.002833 200.0 100.0
0 1 3661 321 0.3662278 0.0516472 -0.5905198 0.7172838 0.018899 0.205733 1.032556 200.0 100.0
0 1 3662 322 0.2479788 -0.2868479 0.6282021 0.6794019 0.628949 0.106952 0.864879 200.0 100.0
0 1 3663 323 -0.858094 -0.1928191 -0.2464042 0.4071614 0.143072 0.753332 0.451632 200.0 100.0
0 1 3664 324 -0.7239468 0.2896739 0.6069789 0.1535144 -0.405215 0.515207 0.403466 200.0 100.0
0 1 3665 325 -0.4488534 -0.5983572 -0.1429874 0.6481157 -0.723894 0.540367 0.38641 200.0 100.0
0 1 3666 326 -0.0404629 0.3243153 0.7381127 0.5902305 -0.79184 -0.112941 0.380293 200.0 100.0
0 1 3667 327 0.5850971 0.5604223 -0.2062422 0.5486824 0.001285 -1.008972 0.498315 200.0 100.0
0 1 3668 328 -0.3156832 -0.0974344 -0.7998656 0.5010645 -0.692239 -0.032595 0.531529 200.0 100.0
0 1 3669 329 -0.0482708 -0.764862 -0.5048156 0.3972621 0.51376 0.607047 0.563369 200.0 100.0
0 1 3670 330 0.0987229 -0.5582607 -0.099038 0.817796 0.074439 0.369385 0.796764 200.0 100.0
0 1 3671 331 -0.1219814 -0.3233279 0.8819124 0.3206402 -0.479718 -0.130864 0.775866 200.0 100.0
0 1 3672 332 -0.2555783 0.6636567 -0.6868539 0.1499039 0.730747 0.144608 0.600106 200.0 100.0
0 1 3673 333 -0.5733794 0.0103383 0.6174678 0.538389 -0.554827 0.524419 0.342231 200.0 100.0
0 1 3675 335 0.5034328 -0.0442277 -0.455108 0.7331276 -0.846266 0.152576 0.566832 200.0 100.0
0 1 3676 336 0.0185446 0.5133354 -0.8424143 0.1627296 0.462986 -0.063819 1.047106 200.0 100.0
0 1 3677 337 -0.2294509 0.1486831 -0.3452119 0.8978164 -0.5141 -0.009894 0.77131 200.0 100.0
0 1 3678 338 -0.5346191 0.094031 -0.8012623 0.2516335 0.277097 0.103753 0.979459 200.0 100.0
0 1 3679 339 -0.6299581 0.3429706 0.4700258 0.5143926 -0.204131 0.31321 0.957457 200.0 100.0
0 1 3680 300 0.8868212 -0.0726594 0.4284142 0.157258 0.402565 -0.659613 0.614865 200.0 100.0
0 1 3681 301 0.6755838 -0.2905135 0.6772062 0.024088 0.911302 -0.299387 0.492033 200.0 100.0
0 1 3682 302 -0.9067201 0.050873 -0.1220729 0.4004607 0.076144 0.882282 0.212149 200.0 100.0
0 1 3683 303 0.1742542 -0.5549986 -0.6386847 0.5036804 -0.434404 0.448866 0.642122 200.0 100.0
0 1 3684 304 -0.4074693 0.076526 -0.6889409 0.5945359 0.213413 0.551493 0.70127 200.0 100.0
0 1 3685 305 0.4355797 -0.0678168 -0.1454778 0.8857242 0.212443 -0.13103 0.897344 200.0 100.0
0 1 3688 308 0.5614369 -0.222698 0.6014728 0.5229003 0.464751 -0.32063 0.764057 200.0 100.0
0 1 3689 309 0.5041873 -0.1061289 -0.4000346 0.7579606 -0.217817 -0.578548 1.031729 200.0 100.0
0 1 3690 310 0.4583342 -0.3984797 0.6470347 0.4609661 0.169471 -0.843576 0.363949 200.0 100.0
0 1 3691 311 -0.1076792 -0.7453131 -0.6530581 0.0801795 -0.393839 0.606771 0.441889 200.0 100.0
0 1 3692 312 0.335622 -0.6126162 0.5747709 0.4262602 0.489302 -0.406106 0.525677 200.0 100.0
0 1 3693 313 0.0062533 -0.3601413 0.711285 0.6035999 -0.309839 -0.765884 0.753388 200.0 100.0
0 1 3694 314 0.1145359 0.2310346 -0.4276298 0.8663933 0.992721 -0.276394 -0.078162 200.0 100.0
0 1 3696 316 0.41205 0.1560427 -0.3659577 0.8197197 0.160065 0.124417 0.928945 200.0 100.0
0 1 3697 317 0.2695532 0.0700759 0.8970991 0.3429922 0.711538 -0.62115 0.185803 200.0 100.0
0 1 3698 318 -0.9011696 0.0532829 0.3729217 0.2144383 0.237176 0.881547 -0.038018 200.0 100.0
0 1 3699 319 0.8008681 0.1187173 0.5190099 0.2741261 0.24772 -1.032711 -0.084663 200.0 100.0
0 1 3700 280 0.045238 0.5471512 0.1761314 0.8170415 -0.056576 0.820795 0.523164 200.0 100.0
0 1 3701 281 0.187415 -0.6459118 -0.505371 0.5406235 -0.419943 0.405745 0.899552 200.0 100.0
0 1 3703 283 0.1763467 -0.436572 0.7791425 0.413816 -0.717199 -0.324523 0.637516 200.0 100.0
0 1 3705 285 -0.3928945 0.8907426 0.0436571 0.2242893 -0.206116 1.042124 0.053138 200.0 100.0
0 1 3706 286 0.0913456 -0.2498817 -0.3922541 0.8805407 -0.57704 0.524359 0.502602 200.0 100.0
0 1 3707 287 -0.4012515 -0.0299157 0.4702254 0.7854873 -0.59579 0.103115 0.787131 200.0 100.0
0 1 3708 288 -0.4959689 -0.3488273 -0.777737 0.1657091 -0.467207 0.7718 0.492155 200.0 100.0
0 1 3711 291 0.3866083 -0.0024877 -0.8139156 0.4336695 0.078901 -0.036346 0.999066 200.0 100.0
0 1 3713 293 -0.4803044 -0.3499856 0.6046688 0.5302767 -0.716027 -0.342319 0.691845 200.0 100.0
0 1 3715 295 0.3621538 -0.4156972 0.758173 0.3481582 -0.562503 -0.535044 0.429809 200.0 100.0
0 1 3716 296 0.8949464 -0.428879 -0.0770208 0.0959243 -0.864179 -0.399386 0.320111 200.0 100.0
0 1 3717 297 0.6244199 -0.3368665 0.1382969 0.6910099 0.146299 -0.78664 0.67811 200.0 100.0
0 1 3718 298 -0.8871018 -0.1278593 0.1728084 0.4084601 -0.856315 0.501793 0.415476 200.0 100.0
0 1 3720 260 0.4770609 -0.5388949 -0.5252798 0.4539673 -0.537337 0.694223 0.36766 200.0 100.0
0 1 3721 261 0.0403326 -0.164776 0.5361848 0.8268784 -0.886776 0.566064 0.438568 200.0 100.0
0 1 3723 263 -0.1803782 0.0958721 -0.1514984 0.9671197 0.519412 0.638747 0.555733 200.0 100.0
0 1 3724 264 -0.1347805 0.0735082 -0.5783183 0.8012358 -0.324476 0.606714 0.519142 200.0 100.0
0 1 3725 265 0.1107475 -0.9469675 0.0872781 0.2887389 -0.489534 -0.657536 0.447718 200.0 100.0
0 1 3726 266 -0.7275931 0.1415824 -0.0466928 0.6696137 0.057459 0.31364 0.933458 200.0 100.0
0 1 3727 267 0.4269449 -0.4963733 0.1129187 0.7473827 -0.109803 -1.212829 -0.023849 200.0 100.0
0 1 3728 268 -0.483715 -0.3300498 -0.2744782 0.7627245 -0.918362 0.513963 0.391795 200.0 100.0
0 1 3729 269 0.19976 -0.5375404 0.5499211 0.6072339 -0.583272 -0.960691 0.091786 200.0 100.0
0 1 3730 270 -0.0422682 -0.3246823 -0.3397205 0.8816942 -0.750233 0.269811 0.579734 200.0 100.0
0 1 3731 271 -0.2061503 0.0695656 -0.8279061 0.516947 0.390246 0.892324 0.474781 200.0 100.0
0 1 3732 272 0.6429001 -0.0109839 -0.6360841 0.4265627 -0.852244 -0.540422 0.232812 200.0 100.0
0 1 3733 273 0.3527134 -0.2799872 -0.8928457 0.0051905 -0.260669 -0.746881 0.749995 200.0 100.0
0 1 3734 274 -0.6696858 -0.1260035 -0.5336877 0.5008208 -0.276343 1.001034 0.460507 200.0 100.0
0 1 3735 275 -0.8650514 0.2273009 -0.4262571 0.1353709 0.684547 0.891681 0.081137 200.0 100.0
0 1 3737 277 -0.3058374 -0.9129913 -0.1688065 0.2107479 0.668738 0.788378 0.25255 200.0 100.0
0 1 3738 278 0.2027432 -0.2037584 -0.8272232 0.482783 0.032451 0.908418 0.546728 200.0 100.0
0 1 3740 240 -0.1283863 -0.259981 0.6825054 0.6709047 0.873962 -0.354749 0.387417 200.0 100.0
0 1 3741 241 0.0624504 0.4138558 0.334559 0.8443303 -0.190747 0.606558 0.809315 200.0 100.0
0 1 3742 242 0.2371447 -0.2167615 0.1773125 0.930235 -0.82843 -0.528994 0.222892 200.0 100.0
0 1 3743 243 0.6826938 -0.5633273 0.448854 0.12297 0.810952 -0.205803 0.484716 200.0 100.0
0 1 3744 244 0.783571 0.3319728 -0.0719653 0.5202227 0.025205 -0.733418 0.428305 200.0 100.0
0 1 3745 245 0.2241546 0.8263967 -0.0881052 0.5089801 0.905551 0.550521 0.343482 200.0 100.0
0 1 3746 246 0.5757477 0.4178141 -0.4500409 0.5398233 0.264837 -0.20932 0.805142 200.0 100.0
0 1 3747 247 -0.0238041 0.1362351 -0.1885651 0.9722739 0.154875 0.691673 0.85764 200.0 100.0
0 1 3748 248 0.2120266 -0.8182352 -0.3024133 0.4405474 -0.82102 -0.702984 0.114043 200.0 100.0
0 1 3749 249 0.071334 0.1489326 0.7732671 0.6121998 -0.699775 0.498042 0.620867 200.0 100.0
0 1 3751 251 -0.5642542 0.0731678 0.7633538 0.3058672 -0.602635 -0.748483 0.189687 200.0 100.0
0 1 3752 252 -0.1982742 -0.0187895 0.2358695 0.9511571 0.412338 0.665961 0.457286 200.0 100.0
0 1 3755 255 0.4951807 0.2769846 -0.01628 0.8232925 0.479219 -0.376215 0.818001 200.0 100.0
0 1 3756 256 0.3532665 -0.5656385 -0.2221537 0.711269 -0.8608 0.29442 0.506307 200.0 100.0
0 1 3758 258 0.1399346 0.1050672 -0.2176026 0.9602231 -0.73019 0.172227 0.750201 200.0 100.0
0 1 3759 259 -0.5554327 -0.8177267 -0.0909838 0.1205798 0.216085 1.036132 0.129687 200.0 100.0
0 1 3761 221 -0.5182642 -0.0677269 -0.3756468 0.7653135 -0.591645 0.638575 0.471015 200.0 100.0
0 1 3762 222 -0.509133 0.2726788 -0.6450292 0.5003671 -0.220286 0.343523 0.873975 200.0 100.0
0 1 3763 223 0.0522215 0.0186331 -0.9983262 0.0164494 -0.96381 0.497276 0.345757 200.0 100.0
0 1 3764 224 0.1697446 0.1315476 -0.9584546 0.1877411 -0.463633 0.162117 0.934385 200.0 100.0
0 1 3765 225 -0.4583856 0.2148288 -0.3860873 0.7711471 0.373722 0.781683 0.04928 200.0 100.0
0 1 3766 226 0.4797753 -0.6729235 0.5363684 0.1711683 0.544374 -0.527521 0.853623 200.0 100.0
0 1 3767 227 -0.4455312 0.4012327 -0.5048754 0.6209791 0.309698 -0.936797 0.498844 200.0 100.0
0 1 3768 228 0.4604511 -0.0932802 -0.6851352 0.5566627 -1.030106 0.14187 0.554013 200.0 100.0
0 1 3771 231 -0.5175978 -0.0507917 0.2946432 0.8016845 -0.35402 -0.318815 0.924526 200.0 100.0
0 1 3772 232 -0.6986507 0.5816083 -0.3345762 0.2483501 0.900963 0.669787 0.141263 200.0 100.0
0 1 3773 233 -0.4848515 0.1885885 0.3628638 0.7730998 -0.532883 0.092718 0.609564 200.0 100.0
0 1 3774 234 0.4101115 0.6158353 -0.0251553 0.6722519 -0.471404 -0.923347 0.07611 200.0 100.0
0 1 3775 235 -0.1550622 -0.7228498 0.3260982 0.5891552 -0.49091 0.239899 0.919054 200.0 100.0
0 1 3776 236 0.7465697 0.4788243 -0.4586243 0.0549973 -0.50988 -0.64778 0.10619 200.0 100.0
0 1 3777 237 0.7207285 -0.1241845 0.649948 0.2066307 0.121526 -1.018255 0.269396 200.0 100.0
0 1 3778 238 -0.3738349 0.0049814 -0.7592636 0.5326739 0.634628 0.399793 0.014556 200.0 100.0
0 1 3781 201 0.0234919 -0.9507305 -0.0776626 0.2992125 -0.871751 0.496703 0.439041 200.0 100.0
0 1 3782 202 -0.0523236 -0.172504 -0.1092347 0.9775338 -0.562569 -0.899316 0.304721 200.0 100.0
0 1 3783 203 0.0568823 -0.2652165 -0.1444786 0.9516042 -0.678824 -0.608694 0.373299 200.0 100.0
0 1 3787 207 -0.1140695 -0.1761221 -0.9752489 0.0697041 0.68307 -0.63432 0.197562 200.0 100.0
0 1 3789 209 -0.5790792 0.6178482 0.4023545 0.3479105 0.62906 0.908873 0.190312 200.0 100.0
0 1 3790 210 0.3994068 0.0524624 -0.8882949 0.2205768 -0.220586 -0.302307 1.01196 200.0 100.0
0 1 3791 211 0.199923 -0.2353847 -0.0132584 0.9510253 0.426732 0.400548 0.735254 200.0 100.0
0 1 3792 212 -0.3613157 0.0500824 0.5244815 0.7693256 0.63118 -0.195668 0.559948 200.0 100.0
0 1 3793 213 -0.1173147 0.4208858 0.0166188 0.8993421 -0.377597 1.125077 0.313649 200.0 100.0
0 1 3795 215 -0.9371322 -0.0399213 -0.0744374 0.3385981 -0.529357 0.849568 0.318999 200.0 100.0
0 1 3796 216 -0.0782532 0.5064657 0.0956209 0.8533613 0.110916 0.415488 0.802411 200.0 100.0
0 1 3797 217 -0.2078758 0.4642954 0.8609371 0.0021636 -0.446045 0.492803 1.062203 200.0 100.0
0 1 3798 218 0.3553541 -0.3507059 -0.8345887 0.2327888 0.290967 0.205233 1.039137 200.0 100.0
0 1 3799 219 -0.6364523 -0.1143215 0.2338767 0.7260583 0.434148 0.929807 0.153347 200.0 100.0
0 1 3800 180 -0.0795588 0.6108969 0.6377084 0.4623888 0.582741 0.179535 0.649173 200.0 100.0
0 1 3803 183 0.1443963 -0.5592111 -0.7795235 0.2424371 -0.783137 0.795121 0.4824 200.0 100.0
0 1 3804 184 -0.2289489 -0.7048554 -0.2327362 0.629758 -0.82663 -0.186008 0.778944 200.0 100.0
0 1 3805 185 -0.0593892 0.1674017 0.9741866 0.1393198 0.490774 -0.770859 0.522782 200.0 100.0
0 1 3806 186 -0.1406305 0.0681717 -0.3677652 0.9166921 0.510796 -0.574493 0.53397 200.0 100.0
0 1 3807 187 -0.0224954 -0.7997291 0.5156549 0.3066387 -0.790481 -0.658858 0.230153 200.0 100.0
0 1 3808 188 -0.6241122 0.0711771 -0.6973366 0.3451657 0.72545 -0.358698 0.129496 200.0 100.0
0 1 3809 189 0.0144179 0.0534219 -0.9834157 0.1727186 -0.510659 -0.419578 0.510754 200.0 100.0
0 1 3810 190 0.5272057 -0.6408438 0.3999027 0.3891673 0.385193 -0.907052 0.451292 200.0 100.0
0 1 3811 191 0.7110935 -0.2913774 -0.1937323 0.6098467 0.219875 -1.01082 0.502581 200.0 100.0
0 1 3812 192 -0.1376331 0.5161409 0.6387925 0.5537146 -0.765374 0.303709 0.756137 200.0 100.0
0 1 3813 193 -0.7535659 -0.3824502 -0.3377585 0.4144749 0.059715 0.718642 0.852977 200.0 100.0
0 1 3814 194 0.1665046 -0.0578468 0.9173033 0.3570499 0.498217 0.809566 0.121906 200.0 100.0
0 1 3815 195 0.5341768 -0.5693714 -0.6213062 0.0667079 -0.695225 0.753696 0.173575 200.0 100.0
0 1 3816 196 -0.9260677 0.3026927 -0.139765 0.1767524 -0.354521 0.947325 0.078405 200.0 100.0
0 1 3818 198 0.6314806 0.2979979 0.304724 0.6477443 0.678963 0.549227 0.736832 200.0 100.0
0 1 3819 199 -0.0469321 0.1427327 -0.7575205 0.6352853 -0.627959 -0.535396 0.380526 200.0 100.0
0 1 3820 160 -0.5867251 -0.0551513 0.7937933 0.1503466 0.031299 0.899408 0.618555 200.0 100.0
0 1 3822 162 -0.434752 0.5723866 0.6734527 0.1727013 -0.486453 0.063659 1.050858 200.0 100.0
0 1 3823 163 -0.1964389 0.3705159 0.7428154 0.5218765 0.693231 0.366615 0.609844 200.0 100.0
0 1 3824 164 0.6402852 -0.1253371 0.0718277 0.7544311 -0.738333 -0.403551 0.721416 200.0 100.0
0 1 3825 165 -0.5497292 -0.7447123 -0.1332082 0.3541991 0.465653 1.086578 0.323081 200.0 100.0
0 1 3827 167 -0.6748541 0.131492 0.0268108 0.7256466 0.643143 0.096071 0.785721 200.0 100.0
0 1 3829 169 -0.4738548 0.5327322 0.0624762 0.6983944 0.69818 -0.710452 0.525159 200.0 100.0
0 1 3832 172 0.1248462 0.6508741 -0.5084744 0.5497546 0.674074 -0.872944 -0.123976 200.0 100.0
0 1 3834 174 -0.5971722 0.4800371 -0.3996383 0.5032286 0.277024 0.411705 0.894384 200.0 100.0
0 1 3836 176 0.1690341 0.2709999 0.1137633 0.940768 -0.561403 -0.767974 0.379484 200.0 100.0
0 1 3837 177 -0.5929976 -0.0346743 0.2122735 0.7759456 0.36412 0.733177 0.522649 200.0 100.0
0 1 3840 140 0.7625959 0.3039853 -0.0970806 0.5626863 -0.167943 -0.451218 0.939172 200.0 100.0
0 1 3841 141 0.470763 0.150264 0.6428755 0.585247 0.429643 0.540426 0.688723 200.0 100.0
0 1 3842 142 -0.100955 -0.4750379 -0.1993594 0.8511186 -0.609756 -0.627007 0.636019 200.0 100.0
0 1 3843 143 -0.1977165 0.5175936 -0.7763617 0.3004455 0.668762 -0.690088 0.681508 200.0 100.0
0 1 3844 144 0.0216704 -0.4762988 -0.8439637 0.245754 -0.674988 -0.365194 0.634624 200.0 100.0
0 1 3845 145 0.1978391 -0.7312172 -0.4029064 0.5136609 -0.596595 0.787828 0.261551 200.0 100.0
0 1 3846 146 -0.3032027 -0.2328598 -0.8507281 0.3607023 0.975621 0.421778 0.172371 200.0 100.0
0 1 3847 147 -0.279088 0.07712 0.7367228 0.6110662 -0.051569 -0.504604 0.900709 200.0 100.0
0 1 3848 148 0.0142815 0.0462195 -0.8520291 0.5212544 0.33357 0.371244 1.020779 200.0 100.0
0 1 3850 150 0.0578201 -0.0792397 -0.6517078 0.7521003 -0.071193 -0.682704 0.916177 200.0 100.0
0 1 3851 151 0.1672094 -0.4046808 -0.8890759 0.1334859 0.351276 0.428044 0.765854 200.0 100.0
0 1 3854 154 -0.0338777 0.172602 0.2996374 0.9376984 -0.153165 -0.037046 0.952602 200.0 100.0
0 1 3855 155 -0.1615273 -0.9014523 -0.1311745 0.3795865 -0.542944 0.813736 0.123561 200.0 100.0
0 1 3856 156 -0.3972505 0.4324201 0.6460179 0.4877148 -0.675025 0.060751 0.537021 200.0 100.0
0 1 3857 157 0.6326259 0.2288494 0.6624729 0.3294574 0.677099 0.361498 0.582595 200.0 100.0
0 1 3858 158 -0.1828941 0.018993 -0.7959976 0.5766948 -0.639333 -0.39209 0.789515 200.0 100.0
0 1 3859 159 -0.7780438 -0.0763299 0.621733 0.0476406 -0.881076 0.381868 0.464917 200.0 100.0
0 1 3860 120 0.6559829 0.6302054 0.4029672 0.1007222 0.737525 -0.410046 -0.110479 200.0 100.0
0 1 3861 121 0.11017 0.0225584 -0.590131 0.7994367 0.630929 -0.743581 0.122084 200.0 100.0
0 1 3862 122 -0.303594 -0.4810458 0.8194057 0.0707099 -0.660703 -0.805274 -0.030508 200.0 100.0
0 1 3863 123 0.9402957 0.0598228 0.3292444 0.0621553 0.729998 -0.552071 0.574027 200.0 100.0
0 1 3864 124 0.8328344 0.3863238 -0.2863505 0.2741244 0.088124 -0.952045 0.314705 200.0 100.0
0 1 3865 125 0.3898029 0.4893607 0.399748 0.6699114 -0.085766 0.979668 0.247784 200.0 100.0
0 1 3867 127 -0.1933117 -0.5329819 0.2276366 0.7916707 -0.227301 -0.938245 0.494145 200.0 100.0
0 1 3868 128 0.7085824 0.5510536 0.3849811 0.2145703 0.837914 0.681715 0.04159 200.0 100.0
0 1 3869 129 0.7664543 0.2159984 0.3740802 0.4753489 0.613283 -0.815248 0.233154 200.0 100.0
0 1 3871 131 0.5940537 -0.0947114 0.167369 0.7811002 -0.714419 -0.62075 0.528443 200.0 100.0
0 1 3872 132 0.7188388 0.2387192 0.4800084 0.4425788 0.307736 -0.443905 0.840061 200.0 100.0
0 1 3873 133 0.3060059 -0.5898321 -0.3460978 0.6623253 -0.848051 0.594514 0.396055 200.0 100.0
0 1 3874 134 0.4258732 0.0105604 -0.5816086 0.6930021 0.198802 -0.856387 0.5192 200.0 100.0
0 1 3875 135 0.3088864 0.2460307 0.477085 0.785142 0.51387 -0.231211 0.803444 200.0 100.0
0 1 3876 136 0.4819073 -0.0221113 -0.86587 0.13246 -0.128099 0.218591 0.921352 200.0 100.0
0 1 3877 137 -0.5358603 -0.502088 -0.6147245 0.2878805 0.533467 0.462203 0.508986 200.0 100.0
0 1 3878 138 -0.4674265 -0.5250555 0.3521933 0.6178908 -0.774905 -0.217019 0.493632 200.0 100.0
0 1 3879 139 -0.5284494 -0.0096646 -0.7064026 0.4707901 -0.016377 0.930915 0.354969 200.0 100.0
0 1 3880 100 0.2909518 0.0022154 0.1797141 0.9397047 0.857111 -0.278418 0.555452 200.0 100.0
0 1 3881 101 0.3591092 -0.4243192 -0.4175772 0.7187649 -0.969964 0.248741 0.58353 200.0 100.0
0 1 3882 102 -0.2625311 -0.2570022 0.2138549 0.9051483 0.093124 0.591329 0.71924 200.0 100.0
0 1 3883 103 0.3652442 0.0291941 -0.8349871 0.4105374 -0.781019 -0.589622 -0.018233 200.0 100.0
0 1 3884 104 0.1083168 -0.4439186 -0.6210234 0.6368153 -0.713152 -0.599017 0.018244 200.0 100.0
0 1 3885 105 -0.1197354 -0.620816 0.7446602 0.2138507 0.688911 -0.479048 0.658906 200.0 100.0
0 1 3887 107 0.5430916 -0.1977587 -0.6287983 0.5201497 -0.978714 -0.794263 -0.132756 200.0 100.0
0 1 3888 108 0.4000733 0.1472053 -0.2463806 0.8703841 0.333717 -0.629116 0.662964 200.0 100.0
0 1 3889 109 0.3181588 -0.0436961 -0.7476015 0.5813413 0.599826 -0.191743 0.649686 200.0 100.0
0 1 3890 110 0.1181546 0.4790769 0.8237269 0.2792825 0.598692 0.129579 0.680144 200.0 100.0
0 1 3891 111 0.6998518 -0.3321037 -0.1022844 0.6240613 -0.449677 -0.691983 0.522982 200.0 100.0
0 1 3892 112 0.6800822 -0.4466849 0.5512119 0.184733 0.318081 -0.860088 0.106123 200.0 100.0
0 1 3893 113 0.4459053 0.5790138 0.5613977 0.3882578 0.325102 0.996895 0.191423 200.0 100.0
0 1 3894 114 -0.0741007 0.3700799 0.4040479 0.8332438 -0.685701 -0.068925 0.735774 200.0 100.0
0 1 3895 115 0.7483323 -0.4965978 -0.1741426 0.4038116 -0.404975 -0.535448 0.831121 200.0 100.0
0 1 3896 116 0.1615383 -0.4218122 0.0751869 0.8890033 0.003096 -0.379518 0.977256 200.0 100.0
0 1 3897 117 -0.1011748 -0.3433273 -0.4282706 0.8297435 -0.076182 0.296435 0.947768 200.0 100.0
0 1 3898 118 -0.0667538 0.2458365 0.510761 0.821116 0.592427 0.773984 0.478017 200.0 100.0
0 1 3899 119 0.1008341 -0.1882869 0.1303522 0.9681884 0.140288 -0.354711 0.994509 200.0 100.0
0 1 3900 80 0.3941566 0.7986407 -0.1690921 0.4221628 -0.710544 -0.817398 0.04868 200.0 100.0
0 1 3901 81 0.6393059 0.4246354 -0.5157512 0.3807538 -0.079632 -0.705366 0.737053 200.0 100.0
0 1 3902 82 0.7056265 0.6207658 -0.1244637 0.3181979 0.639426 -0.853501 0.410971 200.0 100.0
0 1 3903 83 0.3565486 0.1610985 0.9076152 0.1521676 0.740686 -0.530668 0.259023 200.0 100.0
0 1 3904 84 -0.2699511 -0.1934642 -0.8020061 0.4964718 0.900416 0.383757 0.189773 200.0 100.0
0 1 3905 85 -0.1070802 0.5209094 -0.633961 0.5614986 0.708371 -0.753755 0.18167 200.0 100.0
0 1 3906 86 -0.9355987 0.1255196 -0.2895387 0.1583263 0.679623 0.628651 0.522171 200.0 100.0
0 1 3907 87 0.104169 0.6838681 0.0014442 0.7221296 0.706089 0.367138 0.619551 200.0 100.0
0 1 3908 88 0.0177577 0.0199426 -0.1193942 0.9924878 -0.918174 -0.239622 0.480161 200.0 100.0
0 1 3909 89 0.3375525 0.2208801 0.9149456 0.0120403 0.258225 -0.298934 1.104548 200.0 100.0
0 1 3910 90 -0.331647 0.6835857 -0.6087302 0.228404 0.21479 -0.645053 0.446265 200.0 100.0
0 1 3911 91 -0.8132967 -0.1040103 0.3703374 0.4365552 -0.336896 0.587741 0.108677 200.0 100.0
0 1 3912 92 0.2467056 0.7420594 0.2534522 0.5694262 0.668037 -0.570931 0.066136 200.0 100.0
0 1 3914 94 -0.3895742 -0.440574 -0.3326823 0.7371899 0.847742 0.593023 0.187647 200.0 100.0
0 1 3915 95 -0.9044964 -0.3427583 0.2513077 0.0353203 -0.733401 0.771 0.284834 200.0 100.0
0 1 3916 96 -0.0176857 -0.423488 0.5764951 0.6985689 0.106598 -0.556877 0.832504 200.0 100.0
0 1 3917 97 0.2479051 0.8632391 0.1733083 0.4041356 0.962726 -0.068803 0.528828 200.0 100.0
0 1 3919 99 -0.6821638 0.2513571 -0.6866284 0.0036829 0.403428 0.394106 0.947205 200.0 100.0
0 1 3920 60 0.2229891 -0.0545829 -0.1207142 0.9657767 0.46567 0.112397 0.892696 200.0 100.0
0 1 3923 63 -0.5163363 -0.4038933 -0.616782 0.4357143 0.682989 -0.135806 0.686037 200.0 100.0
0 1 3924 64 -0.0720995 -0.4663144 0.214491 0.8551878 0.368789 -0.552695 0.773702 200.0 100.0
0 1 3925 65 0.0853485 -0.5283644 -0.1068581 0.8379308 -0.113142 0.812763 0.361425 200.0 100.0
0 1 3926 66 -0.5932633 -0.2314911 -0.7649235 0.0966567 0.460287 0.001071 0.768824 200.0 100.0
0 1 3927 67 0.5227758 0.0674955 -0.8404135 0.1259166 -0.342903 -0.555753 0.605917 200.0 100.0
0 1 3928 68 -0.3167318 -0.3948744 0.8167521 0.2768957 0.48993 -0.119199 0.612137 200.0 100.0
0 1 3930 70 0.6222161 0.0249885 0.6520038 0.4325665 0.282315 -0.374717 0.90841 200.0 100.0
0 1 3933 73 -0.8002736 -0.115446 0.2395305 0.5374565 -0.853494 0.212064 0.5889 200.0 100.0
0 1 3934 74 -0.6594574 0.3102813 -0.6838818 0.0338697 0.468575 -0.818228 0.506052 200.0 100.0
0 1 3935 75 -0.0115571 0.5275251 -0.683422 0.5044979 0.006826 0.463079 0.791519 200.0 100.0
0 1 3936 76 0.2821151 -0.4428454 0.6738732 0.5198017 0.065006 -0.187687 0.974848 200.0 100.0
0 1 3937 77 -0.1482175 -0.5204143 -0.2293931 0.8090608 -0.609619 -0.917914 0.184373 200.0 100.0
0 1 3944 44 0.0700026 -0.3994895 0.8708617 0.2776827 -0.76662 -0.589079 0.598459 200.0 100.0
0 1 3945 45 0.5388024 -0.6671112 0.0199873 0.5140575 0.024567 -0.945417 0.139447 200.0 100.0
0 1 3946 46 -0.5017553 0.1699725 -0.2466267 0.8114963 -0.350929 -0.176691 0.773514 200.0 100.0
0 1 3948 48 0.2695668 0.9250063 0.2577228 0.0726363 0.535339 0.803979 0.126051 200.0 100.0
0 1 3949 49 0.2021928 0.1262695 -0.9635968 0.1210591 -0.485072 0.247492 0.762346 200.0 100.0
0 1 3950 50 0.6080421 -0.3289906 0.6858552 0.227272 0.887823 0.646022 -0.074735 200.0 100.0
0 1 3951 51 0.4181903 0.0200378 0.2736195 0.8659375 -0.778189 -0.236319 0.67873 200.0 100.0
0 1 3952 52 0.088725 -0.1345505 -0.8802666 0.4462676 0.561778 -0.241645 0.801598 200.0 100.0
0 1 3953 53 0.7124186 0.4432242 -0.5190241 0.1631752 -0.619008 0.118675 0.713033 200.0 100.0
0 1 3954 54 -0.3518805 0.6547826 0.4584956 0.487054 -0.799941 0.596848 0.379256 200.0 100.0
0 1 3955 55 -0.6156229 0.5339025 -0.5350383 0.2229138 0.262361 -0.752435 0.592822 200.0 100.0
0 1 3956 56 0.466848 -0.5989829 -0.2869001 0.5839185 -0.238826 0.401137 0.671014 200.0 100.0
0 1 3957 57 -0.0918535 -0.385714 -0.0183953 0.9178504 -0.032332 -0.81388 0.654176 200.0 100.0
0 1 3959 59 0.3739761 0.3319552 0.8659534 0.0085044 -0.311712 1.004984 0.180828 200.0 100.0
0 1 3961 21 -0.0877199 0.7665549 -0.4661649 0.4328847 0.721883 -0.854226 -0.088979 200.0 100.0
0 1 3962 22 0.0221753 -0.4775964 0.7856777 0.3925819 -0.76005 -0.271135 0.503449 200.0 100.0
0 1 3963 23 -0.088472 -0.6679898 -0.2665887 0.6891246 -0.740751 -0.21939 0.583131 200.0 100.0
0 1 3964 24 0.6572101 -0.0586391 0.7301123 0.1776863 0.238029 -0.510648 0.944782 200.0 100.0
0 1 3965 25 0.0939849 0.1378719 -0.7487066 0.6415579 0.141675 -0.277539 0.986435 200.0 100.0
0 1 3966 26 0.6910225 0.2803585 0.6622946 0.0724768 0.337594 -0.355639 0.757485 200.0 100.0
0 1 3967 27 -0.4122749 0.2091562 -0.8834622 0.0760111 0.861101 0.53378 0.386017 200.0 100.0
0 1 3968 28 -0.3349469 -0.1120548 0.8376253 0.4166991 0.163698 0.735881 0.662737 200.0 100.0
0 1 3969 29 -0.8452257 -0.1310631 -0.2991274 0.4230116 0.088916 0.852989 0.587715 200.0 100.0
0 1 3971 31 0.6110751 -0.4412976 0.5840996 0.3011168 0.383979 -0.638053 0.314472 200.0 100.0
0 1 3972 32 -0.8952865 0.1647019 0.2581475 0.3235665 -0.608073 0.613278 0.763457 200.0 100.0
0 1 3974 34 0.2274288 0.547361 0.4709121 0.6533864 0.313947 -0.896802 -0.076058 200.0 100.0
0 1 3975 35 -0.2427077 0.0936605 0.7029135 0.6619919 0.444696 0.586478 0.83425 200.0 100.0
0 1 3976 36 0.4327977 0.7551457 0.3237342 0.3709949 0.337532 0.450914 0.567474 200.0 100.0
0 1 3977 37 -0.1219557 -0.5129304 0.682257 0.5065121 -0.128908 0.020833 1.042992 200.0 100.0
0 1 3978 38 -0.552705 0.0366328 -0.3173545 0.7697151 0.327756 0.731871 0.516645 200.0 100.0
0 1 3980 0 0.0311785 -0.0475076 0.7519744 0.6567385 -0.080884 -0.125756 1.113682 200.0 100.0
0 1 3981 1 0.4296683 -0.593143 0.5126096 0.4481049 -0.507485 -0.54121 0.573398 200.0 100.0
0 1 3984 4 0.0750204 -0.0333911 0.1554179 0.9844299 0.057162 0.504808 1.064668 200.0 100.0
0 1 3985 5 0.093942 0.2622793 -0.1890326 0.9416216 0.314046 -0.71206 0.55552 200.0 100.0
0 1 3986 6 -0.2370866 0.7746475 -0.3780476 0.4480973 0.626485 -0.424205 0.606718 200.0 100.0
0 1 3987 7 -0.1527403 0.5511326 0.8197656 0.0301263 -0.862474 -0.159256 0.681186 200.0 100.0
0 1 3988 8 -0.2973781 0.8245474 0.2554711 0.4079489 -0.335969 0.814323 0.425724 200.0 100.0
0 1 3989 9 0.2646757 0.0192207 0.9369092 0.2275487 0.399332 0.235907 0.832265 200.0 100.0
0 1 3990 10 0.7318692 -0.2632388 0.2275014 0.5859317 0.739993 -0.720422 0.272714 200.0 100.0
0 1 3991 11 -0.8378013 0.0094003 -0.2895607 0.4627691 0.701509 0.520145 0.543994 200.0 100.0
0 1 3992 12 -0.0413843 -0.0932907 0.0924395 0.9904742 -0.371364 0.776134 0.495798 200.0 100.0
0 1 3993 13 -0.0821411 0.4712621 -0.8573698 0.1899524 -0.743176 -0.316481 0.921679 200.0 100.0
0 1 3994 14 -0.0932397 -0.3883138 0.4274661 0.8110435 0.23265 -0.220171 0.759854 200.0 100.0
0 1 3995 15 -0.4605255 0.7612497 -0.2798958 0.3606569 0.704137 -0.617413 0.038732 200.0 100.0
0 1 3996 16 0.3854729 -0.7329118 0.3267059 0.4555373 -0.783845 -0.448275 0.264941 200.0 100.0
0 1 3997 17 -0.3851246 -0.4368424 0.7848575 0.2117697 -0.329501 0.557531 0.1709 200.0 100.0
0 1 3998 18 0.1834916 -0.7171911 0.2782379 0.612006 0.016834 -0.737303 0.521408 200.0 100.0
1 0 2 3982 0.4177081 -0.6513095 -0.62719 0.089155 0.127592 -0.793126 -0.470061 200.0 100.0
1 0 3 3983 0.6511491 -0.2341499 0.3532959 0.6295718 1.095346 0.429222 -0.253086 200.0 100.0
1 0 19 3999 0.336243 0.8729654 0.0473173 0.3501901 -0.137422 1.065164 -0.211628 200.0 100.0
1 0 30 3970 -0.4792709 0.2226893 -0.720889 0.4483613 -0.572467 0.756668 -0.191194 200.0 100.0
1 0 33 3973 0.2694974 -0.5389398 -0.7298531 0.3228458 -0.342648 -0.724562 -0.50588 200.0 100.0
1 0 39 3979 0.12461 -0.237464 0.5218868 0.8097638 -0.001096 0.830105 -0.417758 200.0 100.0
1 0 41 3941 -0.8059754 -0.0308652 0.5819298 0.1039648 0.695011 -0.496307 -0.519448 200.0 100.0
1 0 42 3942 -0.421048 -0.5444737 0.6385279 0.3443096 0.298851 0.930937 -0.043481 200.0 100.0
1 0 43 3943 -0.52997 0.2688012 0.509157 0.622605 0.719554 -0.680332 -0.47532 200.0 100.0
1 0 47 3947 -0.0234795 0.58736 0.1949587 0.7851421 -0.26445 -0.778765 -0.338108 200.0 100.0
1 0 58 3958 0.0180203 -0.2961045 0.2202633 0.929237 -0.289756 0.023709 -0.661468 200.0 100.0
1 0 61 3921 -0.6603285 0.1463661 -0.6488301 0.3486584 -0.877866 0.155677 -0.603366 200.0 100.0
1 0 62 3922 -0.0067448 0.0541054 -0.3472538 0.9361848 0.467161 -0.64859 -0.720973 200.0 100.0
1 0 69 3929 -0.2720898 -0.1499129 -0.8664062 0.3909395 0.267231 -0.496713 -0.509357 200.0 100.0
1 0 71 3931 0.3758334 -0.366334 -0.3889522 0.7571426 0.360458 0.161422 -0.925746 200.0 100.0
1 0 72 3932 -0.2995508 -0.0112092 -0.8137134 0.4980102 0.536553 0.141639 -0.988987 200.0 100.0
1 0 78 3938 -0.3134375 0.5038006 -0.7289675 0.3413915 0.274604 0.348812 -0.80583 200.0 100.0
1 0 79 3939 -0.2741334 0.2345677 -0.5931641 0.719712 -0.850592 0.550684 -0.266547 200.0 100.0
1 0 93 3913 -0.5728429 0.0367248 -0.704356 0.4175942 -0.665021 -0.408532 -0.719146 200.0 100.0
1 0 98 3918 0.8053575 0.3250978 0.2456745 0.4305286 -0.91153 0.200361 -0.668067 200.0 100.0
1 0 106 3886 -0.1435232 0.2600039 -0.6890343 0.661083 0.029366 0.479499 -0.699379 200.0 100.0
1 0 126 3866 0.9196824 0.19046 -0.3280887 0.1013271 0.247507 0.717713 -0.599474 200.0 100.0
1 0 130 3870 0.474888 0.1922866 -0.3475717 0.7853032 0.284093 0.966418 -0.304833 200.0 100.0
1 0 149 3849 0.4872506 -0.3054135 -0.4417082 0.6886242 1.085049 -0.270998 -0.39665 200.0 100.0
1 0 152 3852 0.5509846 -0.0432511 -0.4905969 0.6736913 0.726981 0.497956 -0.577789 200.0 100.0
1 0 153 3853 0.4583339 0.7935466 -0.0412109 0.39814 -0.521744 0.329458 -0.625336 200.0 100.0
1 0 161 3821 -0.1235633 -0.8070352 0.152707 0.5568724 0.827276 0.48381 -0.524212 200.0 100.0
1 0 166 3826 0.0310733 0.2141962 -0.6568256 0.7223119 0.921879 0.4458 -0.234793 200.0 100.0
1 0 168 3828 -0.0486079 -0.4481256 -0.0426241 0.8916299 0.6013 -0.540069 -0.357836 200.0 100.0
1 0 170 3830 -0.2453177 0.2694056 -0.9258706 0.1000171 0.690889 -0.045131 -0.83014 200.0 100.0
1 0 171 3831 -0.1467546 0.1928453 0.358955 0.9013463 0.19257 -0.401081 -0.974251 200.0 100.0
1 0 173 3833 0.7134557 0.6335632 0.1569952 0.254816 -0.552745 -0.857686 -0.174826 200.0 100.0
1 0 175 3835 0.0454214 0.4858242 0.328245 0.8088059 -0.513809 -0.708808 -0.406951 200.0 100.0
1 0 178 3838 0.6529034 0.1063107 -0.6502479 0.3736212 0.597236 0.178824 -0.813332 200.0 100.0
1 0 179 3839 0.0099517 -0.0088986 0.9866762 0.1621475 -0.900604 0.144869 -0.362357 200.0 100.0
1 0 181 3801 -0.0661321 0.0573848 0.995906 0.0224685 0.225924 0.903849 -0.764758 200.0 100.0
1 0 182 3802 0.034075 0.4403406 -0.8931222 0.0852753 -0.215593 0.87681 -0.416401 200.0 100.0
1 0 197 3817 -0.1418274 -0.1165946 -0.3721652 0.9098262 0.556312 0.112871 -0.732997 200.0 100.0
1 0 200 3780 -0.421121 -0.0706847 -0.589697 0.6855058 -0.16076 0.386617 -0.977597 200.0 100.0
1 0 205 3785 0.6888155 0.1440562 0.6973563 0.1359234 -0.07445 0.599347 -0.759889 200.0 100.0
1 0 208 3788 0.0311046 0.501615 0.1291335 0.854833 -0.20601 -0.358977 -0.749043 200.0 100.0
1 0 214 3794 0.3463492 -0.5804775 0.0410616 0.7358002 0.823306 0.586358 -0.550346 200.0 100.0
1 0 220 3760 0.0967523 0.0140079 -0.2248012 0.9694881 0.65807 -0.063468 -0.66376 200.0 100.0
1 0 229 3769 0.4793553 -0.5236742 -0.6251829 0.3242377 0.215854 0.3412 -0.713834 200.0 100.0
1 0 250 3750 -0.3845198 0.372772 0.3998998 0.7438184 -0.414357 -0.956037 -0.409689 200.0 100.0
1 0 253 3753 -0.0998819 -0.8842753 0.4515542 0.0646504 0.811469 0.671685 -0.55328 200.0 100.0
1 0 254 3754 0.0429992 -0.2012794 0.8011833 0.5619101 0.654241 -0.558705 -0.478455 200.0 100.0
1 0 262 3722 -0.2148552 0.3156326 -0.8516741 0.3589771 0.083753 0.720824 -0.405028 200.0 100.0
1 0 276 3736 0.0145765 0.625309 0.7285907 0.2791626 0.115873 -0.935429 -0.576441 200.0 100.0
1 0 279 3739 0.4656831 -0.6103179 0.5725528 0.2878102 -0.818775 0.56145 -0.335537 200.0 100.0
1 0 282 3702 0.2015195 -0.6568406 -0.3356778 0.6444151 0.233898 0.001199 -1.162359 200.0 100.0
1 0 289 3709 0.3969634 -0.3544975 -0.7039546 0.4703184 0.850473 0.091806 -0.59684 200.0 100.0
1 0 290 3710 -0.40727 0.235377 -0.562831 0.6796691 -0.70036 -0.400435 -0.442496 200.0 100.0
1 0 292 3712 -0.4934261 0.3215804 0.7441011 0.3153256 0.590699 0.287357 -0.638335 200.0 100.0
1 0 294 3714 -0.1048821 0.859216 0.4335514 0.2505609 -0.096226 -0.983349 -0.142976 200.0 100.0
1 0 299 3719 0.4915657 0.1122385 0.8132316 0.2905513 -0.225675 0.303676 -0.944453 200.0 100.0
1 0 307 3687 0.600882 -0.1710205 -0.7758767 0.0877961 0.824104 0.007391 -0.752694 200.0 100.0
1 0 315 3695 -0.2001262 0.1118354 -0.9411886 0.2482061 -0.250711 0.865165 -0.111517 200.0 100.0
1 0 341 3641 0.0650894 -0.3741352 -0.9239833 0.0451771 0.174674 -0.95243 -0.515063 200.0 100.0
1 0 347 3647 0.0622857 -0.7651485 -0.6356051 0.0816969 -0.130712 -0.885552 -0.710676 200.0 100.0
1 0 349 3649 0.4318348 -0.6557791 0.0491648 0.6172967 0.549351 -0.034427 -0.975274 200.0 100.0
1 0 351 3651 0.450371 -0.0986393 -0.6334044 0.6214781 0.544565 0.905523 0.042589 200.0 100.0
1 0 356 3656 -0.0320608 -0.5308362 0.4686343 0.7053842 -0.4722 0.768238 -0.258071 200.0 100.0
1 0 360 3620 0.7108353 -0.1489592 -0.0461105 0.6858558 0.882491 0.47213 -0.513673 200.0 100.0
1 0 365 3625 0.0644325 0.6823778 -0.7279925 0.0153572 0.22269 1.017723 -0.17553 200.0 100.0
1 0 369 3629 -0.1499361 -0.3601 0.1478388 0.9088404 -0.734669 0.359384 -0.927161 200.0 100.0
1 0 370 3630 -0.4172275 -0.7664267 -0.470928 0.1293759 0.066226 -1.057183 -0.591967 200.0 100.0
1 0 374 3634 0.6250302 -0.1386777 -0.7433799 0.1936286 0.406808 0.394875 -0.744266 200.0 100.0
1 0 375 3635 0.7365483 -0.3989196 -0.5327996 0.120351 0.086288 -1.114144 -0.117205 200.0 100.0
1 0 377 3637 -0.4873722 -0.4172596 0.7654698 0.0491821 0.679045 0.146935 -0.885593 200.0 100.0
1 0 380 3600 -0.4638559 -0.1237618 -0.8765224 0.0350601 -0.89456 -0.146474 -0.668099 200.0 100.0
1 0 383 3603 -0.4251884 -0.6082188 0.1288694 0.6577822 0.417964 -0.843015 -0.509518 200.0 100.0
1 0 388 3608 0.360911 -0.318769 0.8581668 0.1779869 -0.560838 0.581678 -0.571415 200.0 100.0
1 0 395 3615 -0.2329661 -0.0322898 0.3073138 0.9220859 0.12543 0.125497 -0.876038 200.0 100.0
0 1 1635 2536 0.4875801015656816 -0.5005614868494543 0.5815647553431964 -0.4165168397350476 1.2693163116377821 2.2927851001050126 -3.3076813987225173 600 300
0 1 2171 9 -0.27397039527040573 0.5777547417338317 0.23625034316607088 -0.7316593854201318 1.9164365800185177 4.741921228136231 -1.7507236711219107 1600 800
0 1 3484 3007 -0.6398370890709194 -0.35747217206018833 -0.5122083274052219 -0.44773292819332416 -4.5302423455218745 -2.5556140008026427 -0.3146075600421048 400 200
0 1 3964 396 0.1392775318248119 -0.3442307363325255 -0.29576658644393317 -0.8801301583493542 -4.341780368269661 -2.2405910376869196 -2.629684264681166 1200 600
0 1 2472 2125 0.6935426030827556 0.30013419942964603 -0.3388448027521252 0.5604483202667255 -2.4394981130459223 -1.4949897109806418 -1.5552508930986377 1400 700
0 1 3035 3242 0.294072959990215 0.04551521709643628 0.8887556787000692 -0.3486585762513768 -1.0385077290738298 4.877920997327271 -0.6810942367734931 1000 500
0 1 3637 1209 0.666494391774141 0.5054553497100435 -0.4523473939636664 0.30932499148532294 3.4131661881316173 1.0587808749714611 3.294649696231586 200 100
0 1 3523 3440 -0.22062688302073657 -0.8537837714550416 -0.039391112134077505 0.4699206213536494 1.2359573683921141 4.192332416747497 -3.3738963278525302 2000 1000
0 1 1637 3205 0.31951225240034037 -0.680244287553896 0.658212912265543 -0.0439930897217529 3.2491932957582588 0.48530972707725084 -3.9916028571636817 800 400
0 1 3653 1349 -0.49512448431982037 -0.1747439647730601 -0.3125354591007547 -0.791604622653951 2.0920355652007636 1.895626574473913 -3.216854177584738 600 300
0 1 436 980 -0.1805363273150491 -0.520864427023595 -0.8292369825482401 -0.09204841093286316 2.698849377353473 2.7509110796575262 -1.9184327461615593 1000 500
0 1 2413 3010 0.597042904308319 -0.3845853554345912 -0.6048465783662141 0.36027002572934064 -1.1163340820434065 0.6129535834041597 -1.7630917246064328 1400 700
0 1 2640 2113 -0.6418955509945161 0.5804653214901679 -0.28470178621754216 0.4122802506612504 3.21862365454556 -3.2539814079040275 0.6791228558385551 1600 800
0 1 559 852 0.1225137704816647 0.49264530133613166 -0.3706753137377438 -0.7777472564395347 -0.28328049640096165 -2.0695129624697084 3.7144142851206006 1000 500
0 1 3297 2363 0.1088937959517487 0.5750838524643381 0.26008634803863334 0.7679686161568852 -1.720669463253789 4.356349050485701 -1.2424881152407297 200 100
0 1 1253 1345 -0.23805807229652665 0.6086588859280333 -0.3219479885885808 -0.6849906623006433 4.751366252307049 -3.5285190192492832 3.797116440895442 1400 700
0 1 1371 1038 0.4719295507809404 0.5591276630634651 -0.33293290893064403 0.5948230271667933 4.788246636856023 1.736496680932663 -3.489427392287854 200 100
0 1 1910 1717 -0.7388560252225366 0.22336313040231123 -0.0902654465348642 0.6293272877693259 -1.0687591898278037 3.8314019208436196 0.9266420302984404 1200 600
0 1 1565 345 -0.5046496891268086 -0.21413673384299658 0.6735681368063107 0.4957621562428341 -4.117693091650786 4.559358055932313 0.4492626331742553 600 300
0 1 3475 1702 -0.3227798945092334 -0.7580530679389358 -0.2776492639979918 0.49404409933764937 4.632188619286502 -2.168221754125673 -4.196997368795468 200 100
0 1 311 3460 0.5669705448320651 0.6162783274324402 0.5229242611484372 0.15904603588982158 -2.3560333828552125 3.8254001550698042 1.1300541658530676 200 100
0 1 1097 658 0.3791121436472201 -0.8844081463785896 0.27135668631465565 -0.02148864701944308 1.1028657841054148 1.9691661373142395 4.956144444682417 2000 1000
0 1 3934 2685 0.7986877666944864 -0.14956868778463622 0.20505149498356084 0.545601451035426 1.5581130775062677 2.0682184219038042 -1.1823354256862553 1000 500
0 1 3983 219 -0.19270093659976772 -0.7603834769645856 0.07484585156521835 0.6156958790639232 -4.461090539689873 2.462235657168712 -1.244756677569275 2000 1000
0 1 1995 3524 0.17433429839500927 0.7382349420299769 0.2666947242804722 0.5945507941379605 -0.6581811523948753 -4.738691017212073 0.8336416782401983 400 200
0 1 71 2130 0.13315248051164472 0.32369762837401406 0.17908216258422557 -0.9194671507796196 0.7536824017690869 -1.6587979155116228 4.242383301903011 1800 900
0 1 2247 1087 -0.0740651743223381 -0.5658686438608507 -0.47325252822745584 0.6710730752861453 -0.4084117877450568 3.577810491558191 -2.0839413020926987 200 100
0 1 2459 3754 -0.5679272416539884 0.7481007257464256 -0.3190415959990385 0.1265559652776188 -3.7682693576796633 3.570170687653837 2.568696165060672 1400 700
0 1 1822 993 -0.484371064765102 -0.4979772713865968 0.2921196887009208 0.6573198584205092 -1.2147354944224018 -0.6987733779552849 2.3445264668340835 2000 1000
0 1 597 986 -0.7101600850207401 -0.324938547876212 -0.1992605212852281 -0.5919314473860746 -2.4109146907273615 -0.7821778539973465 -0.4302691445388218 1200 600
0 1 3461 2943 -0.8181244996389717 -0.4072127633406704 -0.38402386526881954 -0.13181706781343952 -2.9428084969645307 2.0937390387862873 3.6009290016496394 2000 1000
0 1 1006 3419 0.5710969106518401 0.6079131764106269 0.5379136488027757 0.12222436345487817 3.506530059981351 1.5680715257138615 -3.402806912457781 800 400
0 1 1125 2165 0.47043976739429705 0.7503820840366647 0.46236938502427233 -0.04275166667005799 -4.563153497964114 -3.693264777496875 2.9404104838111547 1800 900
0 1 2672 2257 0.5673499022850954 -0.6240768472579009 0.5273569422608974 0.10264907473020814 4.8533213580765295 -2.338925207024576 4.0678245008864735 1200 600
0 1 2884 2528 -0.5071884271578115 -0.2283403389240991 -0.6633335676408669 -0.5006087963850139 2.2312856913931576 -0.3854907089438786 3.229211154906876 800 400
0 1 908 1635 0.6340623730175332 -0.5609231122503368 -0.06920144426361864 -0.5277701482450482 -1.5581659020508676 -2.051889666377252 -0.23323641211536827 1400 700
0 1 3399 2735 -0.6078854427447683 0.5213460213672761 -0.27805316768175087 0.5304338322973495 1.204408671461481 0.4397112588443566 4.480627341898883 400 200
0 1 3680 2418 -0.7589905408801408 0.25679785760322993 0.34581181462051214 0.4882646905662243 -4.112969327053294 4.654245710991258 2.087587553438106 1800 900
0 1 2695 3452 0.14516689272850067 0.40236455631383156 0.5012409773528018 -0.7521880215081421 -4.2254172427414805 -4.54909778361267 -3.6997134441151402 1800 900
0 1 578 55 -0.2798517772257379 0.39875823076530964 -0.8721229601123579 -0.04556751721758531 1.0103935720893418 -4.60870223875691 3.7917953573703436 800 400
0 1 2981 578 -0.24919310076440476 -0.7075171950393523 0.38805581651872006 -0.5354763304956233 0.9766305561466284 -4.390104581860166 4.5041679444539575 200 100
0 1 1047 3999 0.7328951914621564 0.022866796416208354 -0.5846458426059126 0.34717572881313497 1.3771059841074802 -1.5121892923383804 -4.792540857450673 400 200
0 1 1904 557 0.7414854370703873 -0.18434705493860531 -0.08048464895579265 -0.6401075934797701 4.354988571345039 -2.092696684045504 -2.6170918600250506 400 200
0 1 781 334 0.38574767271966043 0.30351340149540834 -0.6039254136866743 -0.6279748743440555 4.968447570670161 -0.6712950837975962 0.760532809965877 200 100
0 1 2579 3725 0.4695864161981911 0.8020194848296348 -0.05072347384278993 0.3656234030762612 -3.9659121985420063 -3.35855848737014 1.936324734482242 1000 500
0 1 3068 1058 -0.32852361716117 0.4612967981552566 0.8218726322927966 0.06166744090003071 4.018310422023562 -1.858839379826498 -0.18217896252307764 1400 700
0 1 214 2401 -0.5982546165259962 -0.3797742291761004 0.5637304127680834 0.4243476998634 4.684555182887703 -3.8809438244928973 -1.5356651974910873 600 300
0 1 1843 3329 -0.5123223253275827 -0.09585160584811628 -0.45004293513873944 -0.7251204459667264 -1.9919351729781853 2.7606435071076483 -3.3268377233097968 1400 700
0 1 2539 3025 0.07384809984361461 -0.5055456820090043 -0.5698115151611498 0.6436496397429995 -2.996832975317866 4.121237862612254 1.8715647048552508 200 100
0 1 890 2552 0.14239739347690414 -0.13931972745287838 -0.5318843159671922 -0.8230504664366284 2.15998418032936 -4.479804517483091 1.185864129845121 400 200
0 1 1231 1570 -0.208656682938756 0.08687560158048312 0.6598334982804887 0.7166134055834825 -2.129409418264326 -4.6667367842298795 -4.066875558829933 800 400
0 1 1284 596 -0.534285266947667 -0.2965120198118952 0.6537751063429978 -0.4463160157959068 4.158632904463337 -0.796101449796522 -4.62081309552344 200 100
0 1 899 3757 0.713978172416184 -0.5239373620362454 -0.038534649068916155 0.4628605522151154 3.925242347649032 0.7700255754118279 2.5261307717119053 400 200
0 1 3400 797 0.46863536030901315 -0.062695305622428 -0.7306264892029142 0.49258007571964935 2.0190500413943564 2.536679358848958 -3.016141494230334 1200 600
0 1 283 158 -0.3100544354261287 -0.7304952986617103 0.41968303801517803 -0.44057804451433363 0.5771140246615847 2.5032020532311137 3.829381844415085 1400 700
0 1 1855 3684 -0.3528074158779878 -0.6569615385678995 0.03658195764041265 0.665274548227414 -0.6983175466928788 4.740139547887026 -1.9662325142807546 1600 800
0 1 1609 3879 -0.5715237596785201 0.5726151604090814 0.43248221788485075 -0.39803467362280337 -3.538863078367105 -3.1691626357903657 2.465300127204416 2000 1000
0 1 75 975 -0.7926532994119477 0.3084486162017219 -0.521519398421979 0.06765881438640006 -3.842847484581667 -1.686927577225962 -3.99396524216309 1600 800
0 1 1178 2807 0.26420773527680225 -0.5788550144158533 -0.18081364362714863 -0.7499517125680826 2.2530712252130316 3.7016949470657305 -1.9368060796411948 1800 900
0 1 1247 2525 -0.3454002963729701 0.6828516955213679 0.48067110006379327 -0.42821430470328803 2.5831609444247716 -2.904079703722201 0.47901158303357505 800 400
0 1 985 2054 -0.597372136554518 -0.5355782883618097 0.3323367774140623 0.4958373663629643 -2.0695705162803266 -0.38683761350342216 2.9938168460267143 200 100
0 1 52 1930 0.26983157147105086 0.5291557749485267 0.6720388336069155 0.4422091077763369 4.085229139941308 -1.1213861251879722 3.4855394333025576 2000 1000
0 1 3243 3233 -0.6694682054258514 0.02561325524767544 0.2560417851767019 0.6968492572450911 4.761063778141683 0.8911683457059958 -4.746568770589263 1800 900
0 1 3772 3864 -0.12084357448343315 0.4362486260319561 0.5882285126875673 0.670127736817892 1.7459094734290748 -3.0212352728078837 -0.995597779039957 600 300
0 1 633 1002 -0.5798688356965459 -0.09088008167875973 -0.3159484586781478 -0.7454324353024202 -4.300047163506133 4.8589658942255 -0.11842072370462198 1200 600
0 1 919 2764 -0.5598586190311327 -0.5953793022352694 -0.38418020334398384 0.42951994659732884 4.334073855732397 2.7319206178096245 -2.73351262837528 600 300
0 1 384 1899 -0.4572539257612794 0.5113579689013695 -0.5290020057599921 0.49958858365546094 1.761386334890708 1.9318254972358684 -3.256366844333182 2000 1000
0 1 719 3911 0.02946326992831376 -0.13631066802748087 0.6824982423385338 0.717459034866692 4.508353222469825 -3.2332942368804005 4.511506518499607 800 400
0 1 3311 174 -0.12129986181853053 0.40485636203980957 0.5141744162550279 -0.7463258934992791 0.13266275481782763 -2.089880294140123 -3.805581029625565 1800 900
0 1 111 3654 -0.3788663036832826 0.6137688479014699 0.26834648631431046 -0.6385438814692632 -1.0791025488194803 1.380258154098696 1.1578244189719156 200 100
0 1 817 1835 -0.5263677895014384 -0.26714254548821076 0.586995777523066 -0.5540828166759371 4.240096566321391 3.211912249473029 0.3145997105427112 1000 500
0 1 897 1159 0.5955926781340588 -0.02955436113918916 0.7388271352314055 0.3138954694424691 -3.9915840379311627 0.7872941927499744 -1.1839041080279964 1000 500
0 1 3551 2039 0.011847273557645895 -0.17246258045227025 0.13569859639633697 -0.9755522494408275 -0.10011779284536715 1.3361046907093304 2.534710677545579 400 200
0 1 1636 613 0.34201587112723053 -0.09987787486897531 -0.6234591530062937 -0.6959513190887806 -3.1874206074555858 4.323056175681083 3.8221727815574766 1600 800
0 1 223 3637 -0.5813712111590832 -0.3060320205093025 -0.5804517704074605 0.4810692876179682 1.8891478811382454 1.4286067469017762 2.3511993045557347 2000 1000
0 1 3322 1762 -0.647118642983068 0.39600626642923 0.6069493268885318 0.23670448547100273 4.051070961608719 2.2783460385753216 3.239993843964614 1400 700
0 1 2852 3261 0.8793268994646161 -0.41798588150049665 0.22697705751094063 -0.023524925246916958 -0.37214972423171844 -3.7276381715126075 -2.530224013771698 1800 900
0 1 3323 2205 0.7553352566650442 0.18368677223821422 0.5154316070654418 -0.36063565849953655 2.4674891347578427 4.791558126344388 -1.7261610734935728 200 100
0 1 2237 258 -0.4961999653225923 0.5891487826328519 0.6091353521662125 0.18879467438842415 4.608829714213783 4.892170226911555 -2.3677904898226765 1000 500
0 1 2604 810 -0.6018040270471804 -0.26770067764096667 -0.33825121901995175 0.6721267537093584 4.980748913718589 -4.878194326930655 3.6884369662392587 1000 500
0 1 2130 3976 -0.5735621877011629 -0.48236660228966993 -0.6547992558167441 0.09791226898000832 -0.4163514590521178 -1.8630064735402052 -3.281345176741064 400 200
0 1 3470 2509 -0.5466503863786506 -0.7141594510082482 0.3181441508587383 0.2998898679216117 -0.34669273414852064 -2.703417094107686 1.5884823542019175 800 400
0 1 1577 2778 0.569036783920818 -0.41310636642126825 0.006639683619985852 0.7109825477244117 0.40155653016569914 0.2622371339979619 -2.1890329833996693 600 300
0 1 1040 3119 -0.48383719523363394 0.619409229338729 -0.25068260688085936 0.5651477733530134 -2.47870150224079 2.4390445038380983 -4.777093873022494 200 100
0 1 2656 1377 -0.6274475772135805 -0.5088572678121568 0.3032219047690427 -0.505401123180181 -4.871340079139182 3.1664441862165233 4.233296197253379 400 200
0 1 472 2442 0.5713817097814322 -0.5868459682248918 0.506821123497999 0.268825408177245 4.077554587944883 -4.78635449327295 -3.222018927006581 1400 700
0 1 1502 1811 -0.43733066897019346 0.119086326291281 -0.8897647618207 0.05365632759221012 0.3242507015328657 -3.924872917680189 -3.678167448661125 400 200
0 1 872 597 0.3673673239373239 -0.5281123794458182 -0.7610125026553429 0.08365724583953964 4.944808237735492 0.057897217687385094 -1.0044700589665077 400 200
0 1 744 3490 -0.0031079653427275107 -0.054448162655415244 0.9015799389037975 -0.42916121900878046 -3.0366615626819815 0.3142462016334182 2.7844233767489808 1600 800
0 1 1749 746 -0.11379734141796041 -0.672583027006238 0.5478400807699121 -0.48430721940865834 -4.9194462468991675 0.2553971262688268 -0.6793321803915067 2000 1000
0 1 2443 2085 0.6235884135588433 0.1342636663446407 -0.31574914773558477 -0.7024337933777902 -2.809900915494954 3.2932878314619334 -4.005504630740592 1600 800
0 1 266 1431 -0.3012939807914885 -0.3406095020920716 -0.19082957646669893 0.8699374557799828 0.8088724306365673 -3.1613100310679165 4.896118732450853 1000 500
0 1 1079 798 0.009008262106478005 -0.6101341472538278 0.06777661656712657 0.7893424502808511 1.5221217302456846 2.431519391213646 1.4934354242000776 600 300
0 1 2089 1072 -0.5162073220179544 -0.26807980195531816 0.4827806035263191 -0.6546648832321864 -3.0117644801460344 4.194754788082246 0.010752405458681835 1000 500
0 1 3895 582 -0.4133835079494324 0.6317255242322753 -0.5712344676692365 -0.32206850255112296 -1.6434590957767794 -2.047235328977491 -0.6190526003009573 1400 700
0 1 1404 2026 -0.14101041494733652 0.5058016886989454 0.7889383760974713 0.31915036159522076 -3.6626017784949516 -4.1076254494678475 0.5789063264501841 400 200
0 1 51 1914 0.425376829617283 0.8402689624523965 -0.2128604167253481 -0.26017891258792125 -2.260412779875056 -1.2624299696166141 3.401388337223745 1200 600
0 1 3612 3772 -0.2374181270740792 -0.545255778342583 -0.5808452783508371 0.5558304883129378 -0.5585332484323313 2.429699462648246 -2.1780415668506503 1200 600
0 1 1516 2756 -0.5284266945134091 -0.14530290560258685 0.29158988609575465 -0.7839819082579284 -1.2430115887564073 1.564141853254398 0.6947435334835994 1800 900
0 1 2223 3041 0.373560688731701 0.5944986066470365 -0.6285985010967555 -0.33449625251703735 2.91753845438092 3.275402211422371 1.2415085353305209 1800 900
0 1 260 3002 0.6340925705810622 -0.6191993684532074 0.0921986447143563 0.4538922382613363 -4.926490162638652 2.4915228584959213 -2.067111325364399 200 100
0 1 1536 2868 -0.1538242621519641 0.5935522184709242 -0.5979886396939619 -0.5161816028478863 -1.3782649843089634 -1.4015651560399367 -1.1029507466403397 600 300
0 1 1878 3182 0.1727401103615477 -0.632099735878145 0.5089141942926783 0.558226764874718 2.360522299177723 -1.7278498009788432 -4.397818692127587 1000 500
0 1 206 1332 0.03747903940374076 -0.5446654928233241 -0.5496248427053312 -0.6323348439031636 -4.331232394596357 -4.688418999534258 2.0850084677288265 1800 900
0 1 3690 898 0.5969812578820894 0.2503634213664539 0.5591355677474764 0.5179758216933577 4.938464757693751 2.244392052347016 2.273734893390249 200 100
0 1 3414 2739 0.7479984878357455 -0.6363078775909288 -0.15341898073946977 0.10987794801518505 0.7155261691401495 4.974566354938343 -4.001233611070879 2000 1000
0 1 315 2684 -0.06381657531905062 0.455553434549017 0.5241223427718702 0.7167246910721498 3.132774810112858 0.7132605942295553 -4.518915210958989 1000 500
0 1 1940 2360 -0.14266557622834863 -0.8249782949193425 0.35567405718237927 -0.4153953674739684 4.777494748553085 3.1335642335752443 2.980361975246387 1200 600
0 1 2979 1429 0.02129515267837624 -0.13046405360530525 0.16952953623375736 0.9766193647136246 -2.8840917974685087 2.685434798962482 -1.1848076248747983 1200 600
0 1 2997 1214 -0.10561314644647274 0.1313319822473758 -0.13156479640366828 0.9768769001690603 -2.2667738889042965 -4.6958159691422345 -0.18104440578612824 800 400
0 1 2826 2168 0.0753439264059907 0.20468029334076182 0.7272012300193059 -0.6508514740938035 0.18330323286548733 2.3336422128916983 3.790346749934608 1600 800
0 1 3137 1404 0.14493803634466892 -0.2892413468606978 0.9075819561455611 -0.26763296091056865 1.9734313299190571 -2.9043788387243907 -1.187750904622905 400 200
0 1 2358 3804 -0.38036670059115674 0.44011184107128964 -0.3330933637872808 0.7420724704711201 4.580921437454112 -0.17831360086128623 4.2667379270144 600 300
0 1 2659 1672 0.30225866947378843 0.2330504779682359 -0.6031378146888636 0.700394137567594 3.4494871623894756 -2.0690945687897 -3.042196502412502 1800 900
0 1 239 1710 0.026227401651741783 0.506107211162023 -0.7311010739384126 -0.4567918934246724 4.633561767769178 2.1475765720352555 1.914729426890026 1600 800
0 1 265 2544 0.009993407494503814 0.07763688134141807 -0.6770145452711939 -0.7317950204486677 1.2443953450531318 -3.680764842692801 -1.157874814711508 1200 600
0 1 3851 3476 -0.21012521584517338 -0.5890401264437266 0.3580298576996325 0.6933208089339009 -4.910303535747959 -3.332117984633557 0.0418463803876179 800 400
0 1 2007 3803 0.4784472424422422 0.09123022761925281 0.5493790874235295 0.6789314398889209 -2.4546903593308866 4.93964344924721 1.4530432346706759 1800 900
0 1 2619 2227 0.37926480370070587 0.3781246719809087 -0.6763093924175397 -0.5057524560899467 -0.467572993536999 -3.819116113752595 -2.0420450303249327 2000 1000
0 1 3719 2951 -0.5515165178040295 -0.061866769221975634 0.6330949433443909 -0.5396228554899383 1.1724687249210364 0.359528809535278 -1.9110212823100161 1000 500
0 1 2717 3190 0.9422422724314239 -0.23686246181734205 -0.1335132894283746 0.19557575455845674 0.2006428696678766 -4.284980158229014 -3.7402154731533455 1800 900
0 1 162 1638 -0.7397803898967167 0.5987538574086851 0.06242497353013363 -0.30053604715947785 1.9996299690597228 4.844451713348985 3.7394149130122276 400 200
0 1 1578 878 -0.45588181597332866 -0.12745411650571753 -0.8468619118301358 -0.2423883667629586 -3.7841950912275113 0.06016899137673448 2.142921646761521 1000 500
0 1 2462 2283 0.5408381559288085 -0.591443317489757 0.45730242721547726 0.38543920577838153 -3.3834884585397695 -0.8251687478721603 1.3514588124437301 1800 900
0 1 1067 529 -0.282719043628207 0.4895286663608715 -0.5391311686281941 -0.6243149927676704 -0.6992257770936652 -4.094725235944456 4.506682229527838 1200 600
0 1 2035 2283 -0.7766846963288391 0.23211742974626526 0.13101332816857605 0.5707169956631394 -4.763247853498266 -0.7395103847084163 -2.2454482293700986 400 200
0 1 1393 2198 0.20992656595035442 0.7097973359377248 -0.20417377327106523 -0.6406493964035679 4.138118255265027 -2.355014694344808 -4.423186863105552 1400 700
0 1 689 123 0.8031965978199855 0.06311540768990771 -0.4107568423305198 0.4268143472766555 1.7931222217526113 -3.332726320825535 0.6086491908647851 600 300
0 1 3655 3809 -0.5061787416749973 0.6737884551436693 0.4878513438516208 0.22758133819272489 4.829124042518714 3.221984974668807 0.6787058942748105 800 400
0 1 2293 3496 0.14954773296094415 -0.9129331291096748 -0.3795653601048766 0.010895629798927326 3.805108421406109 -4.8301652868096765 0.46766928342218606 1600 800
0 1 2798 310 0.5364228523736654 0.13498532474090122 -0.6032715256619858 -0.5745371631855976 1.1571260265950496 -0.328565406436768 -0.6126272628923441 1000 500
0 1 2538 3563 -0.4426313436044342 -0.34370317092465186 -0.40472385975921893 -0.7225954755579868 3.2263010879249965 -1.2724245232126155 -2.1852999368460235 1600 800
0 1 2060 3925 0.7599856863486585 0.2455255706527237 -0.5052628651934924 -0.32687671645021693 1.562248701899386 4.641333259450564 -1.6198729951794997 1000 500
0 1 33 907 -0.26145359640263444 0.6508274908570445 -0.022445867427516628 0.7124337001491987 -0.7747584054734427 2.4365158201182755 1.171476540791022 1400 700
0 1 1155 3187 -0.5544382838309573 -0.3620802803691753 -0.4735567643387375 0.5807237303050288 -1.9555266623848722 -4.710987639776789 -4.8529112189061285 1800 900
0 1 476 2977 -0.8496023201411911 -0.4352377904126889 0.061484423721153425 -0.29148521239861 -1.2881320334627864 1.7125187005139537 -0.046791886992388676 1200 600
0 1 3664 2442 -0.7182829056190292 -0.6856254551938246 -0.11824971972390293 -0.0020991595852295312 -3.113860198912036 -4.497143659286823 -3.552933227623046 400 200
0 1 3423 2561 0.5361217787592754 0.7994443971806267 -0.26869024830051474 -0.03560399731354642 1.5655702852331208 3.4278942498510574 -4.053767763735353 2000 1000
0 1 1433 2249 0.3484046569744105 -0.7326160907636988 0.4522470721477036 -0.370621699697264 2.1406126856696925 -1.786152786972787 -1.1012949592944832 1400 700
0 1 861 3927 -0.8989945927848906 0.3345037334161818 0.28181775577588297 0.022242459477530414 3.4799812994720902 -1.4726020795091452 3.6824316208358194 1200 600
0 1 1620 1936 -0.7727738430865437 -0.3470266341797685 0.16247682694404433 -0.50595887512456 -2.6090830596113843 3.0653650689444873 4.432939523031255 1000 500
0 1 789 92 0.509772855372571 0.38982179975227105 0.521162965535773 -0.5626364400900059 0.544817492358078 1.138713687609819 -3.1912165056060093 600 300
0 1 1807 2836 -0.34996704851417443 -0.3191279116956652 -0.4634981477516857 -0.7488991306990532 4.26160159380481 -3.3578398918116115 3.5224277894202203 400 200
0 1 1113 1896 -0.37158190915940864 0.5875104921744588 -0.4153142749706256 -0.5867472704461416 3.0076486774244735 2.081147856841734 3.081597470191129 1600 800
0 1 1346 704 0.2291926966299602 0.3686110142673962 -0.5395965866891854 0.7214098360887722 -1.1892891974695754 -2.629021281536178 -1.0611054541853795 2000 1000
0 1 3425 1524 -0.6495913903027959 -0.44639940891460794 -0.5468242086485121 -0.28238604462879885 4.903586403309665 -1.0341951597911336 -4.333520590055185 400 200
0 1 310 763 -0.2000070985808545 0.5714256764859323 0.6180921892767413 0.5014298578315297 -3.210721641228804 0.37385186172055906 -4.749526747657049 1800 900
0 1 3573 3908 -0.6738513357916118 -0.43212909617199263 0.5180659368213383 0.3013245867812087 1.6769910802494383 3.5481773133919923 -2.062917356544469 1400 700
0 1 3575 11 0.5525050137891565 -0.6616954582137018 0.2703652433929807 -0.42871898194768265 -1.2587220481975745 1.364727604453564 4.442988493046657 1800 900
0 1 1338 3461 0.657402558959158 -0.2444436253038894 -0.5609704548167257 -0.43975145064565524 -4.678065587395441 -0.4679906062943653 -1.4056125673199005 600 300
0 1 887 1223 0.33231812883102846 0.42182476043962763 -0.5481353105623944 -0.6412302348181674 4.701524974235529 -3.191327531407522 -2.9909984745167173 600 300
0 1 3765 1343 0.543452946257235 0.5577488111179786 -0.45910220756394404 -0.4275515429871885 3.3114725263541036 -3.3415954193733786 -1.2289586337794445 400 200
0 1 1850 3571 0.5173657786031934 0.3480601348435037 0.1893686815180428 -0.758502667182622 4.720336200428154 4.6655231584633245 0.19243200790278792 1200 600
0 1 3738 3615 0.6947506775855079 0.2712803680395873 0.6661147223408621 0.004431093718240773 3.3366528566124227 -4.538875570059755 4.445603295569057 200 100
0 1 3732 2169 0.5736782249041554 0.23095091004750415 0.7289423498464283 -0.29359499658443483 -2.1009243411533896 0.07460729714783909 -4.031893393001623 1400 700
0 1 342 1604 0.6148512811809549 -0.20791738608469434 0.5767617520739182 0.496058609378439 -3.653249276656952 0.2216131715454459 -3.62440418032692 400 200
0 1 1230 2428 0.6973339897697094 -0.025527245604188183 0.1686232032806658 -0.6961608160181739 -1.5265513109628701 2.4746428500243853 0.4939988849672181 600 300
0 1 2255 1260 -0.6490825211012832 0.4128350714853901 -0.3907749497304918 0.5055235140085836 4.391254815266359 1.3371965885746437 1.7604367249296793 1600 800
0 1 3207 3485 0.6423892373586366 -0.14495827294864216 -0.72496861549742 0.20185062143399524 -4.818043715167076 2.5296209059787778 -2.5790339031934972 1800 900
0 1 3074 189 -0.6992557996303214 -0.48056602360209005 0.4806357581660533 -0.22155561742997731 3.2841903717096113 -4.479160460532816 4.4597746809951 600 300
0 1 2591 3438 -0.49361303528766104 0.5804280382872392 -0.5322324372161731 -0.3690231653149456 3.6221872886249358 2.4403250074177842 -4.720192664342352 600 300
0 1 1173 2641 0.6116086671384263 -0.6751870987198072 -0.1172235006142415 0.39536801958078216 0.9364707607347391 4.9050987004034035 4.275191291722724 600 300
0 1 795 3973 0.6540405046721444 0.1484057355206793 0.012435556440586873 -0.7416549823528362 -1.4715954795449049 2.4170669104951976 2.3753441430843845 1600 800
0 1 942 3857 0.33559194411174886 0.56349455227939 0.7231620921187026 -0.21653758362290723 4.268276393593185 -2.6974671384004423 3.1792825367973006 200 100
0 1 880 880 -0.12870076347311235 0.005677725013344537 0.6686894467740979 -0.7322965933916815 0.20867867354213665 -2.1071249791142455 2.5609109252830553 400 200
0 1 3267 1595 -0.17221474662978817 -0.41089647223153764 0.6401216567845429 0.6258997001647524 0.3993401229307745 1.0823335490883697 -2.0146054882036637 200 100
0 1 3417 2828 0.3304709364062694 0.8892835802832092 0.015711737795977957 -0.31577969428839286 -2.458689760685547 -1.9989471807898571 1.3636859686014837 1800 900
0 1 1346 2125 0.43580622041660005 0.6444661226220524 -0.14208178090051668 0.612004185095848 -2.1788004133730663 0.24069628359248973 3.809906549957331 400 200
0 1 1574 739 -0.4706177209966482 -0.7521317181320951 -0.29858319698294505 0.3516602248520968 2.6170074169057758 0.6357018630706177 0.38849282776677097 400 200
0 1 1952 362 0.29289001753873034 -0.3541209351854466 -0.1309986862542606 -0.8784379005309394 -0.3456563966881063 2.997830625814731 3.088581646416177 600 300
0 1 997 3945 -0.12465739575790538 -0.6409298502038306 0.6509941042011543 0.3871383952747243 -3.5654816177893354 2.271891423695898 1.3057502269328856 600 300
0 1 1794 966 0.232399196236298 -0.6441967439187112 0.6944198031124333 -0.22086716767899728 -4.914284080887679 4.128423772960598 -0.9262889451399037 2000 1000
0 1 3987 594 -0.1351316802062735 -0.24441118545020407 0.5430426318874383 -0.7919010679271873 1.9126391550254578 2.5177878032688836 -1.3106195635230655 800 400
0 1 81 2860 -0.6748070244683994 0.06937754037147364 -0.6847660791352658 0.2663036865794852 -0.8816844874291538 0.17408800614597553 -2.8630667622964303 1600 800
0 1 1869 770 -0.5772828358801616 0.536681499863808 0.24380875819212217 -0.5650440553894069 4.402231975195605 2.213960610689015 0.9451290646837274 200 100