0 1 1249 0 0.00399119 0.0612355 -0.0228211 0.997854 6.2899 -0.116221 -0.353315 99.90183383561377 9.999999999999998
0 1 1200 0 0.0291234 -0.000744332 -0.0121345 0.999502 0.0357137 -3.20493 -0.0478291 99.97609036145167 9.999999999999998
0 1 1201 1 0.0286809 -0.00280676 -0.0026069 0.999581 -0.200729 -2.95837 -0.0138394 99.98544671940566 9.999999999999998
0 1 1202 2 0.0302147 0.00433889 -0.0187441 0.999358 0.0326011 -3.11654 -0.0152223 99.9608004593145 9.999999999999998
0 1 1203 3 0.0353313 -0.00695281 0.0131621 0.999265 -0.0285094 -3.12084 -0.182164 99.9665869585016 9.999999999999998
0 1 1204 4 0.0284208 -0.00818047 -0.0228283 0.999302 0.0110536 -3.01092 0.027117 99.95099601598214 9.999999999999998
0 1 1205 5 0.0322324 0.00500793 0.00793198 0.999436 0.0674776 -3.06268 -0.0976775 99.97783795887572 9.999999999999998
0 1 1206 6 0.0364384 0.00121143 0.0114141 0.99927 -0.0196083 -2.9626 -0.153325 99.96922025363628 9.999999999999998
0 1 1207 7 0.0373818 0.000310425 -0.00533741 0.999287 0.0859312 -3.26951 -0.0912336 99.97507014793808 9.999999999999998
0 1 1208 8 0.0266437 0.0115531 0.0358015 0.998937 -0.0147072 -3.12703 -0.0531484 99.90075480733681 9.999999999999998
0 1 1209 9 0.0361462 0.00262985 -0.0257357 0.999012 -0.014849 -3.08558 -0.149916 99.93353901960533 9.999999999999998
0 1 1210 10 0.030352 0.00560929 0.00960599 0.999477 0.0938793 -3.08888 -0.0800416 99.97792538695896 9.999999999999998
0 1 1211 11 0.0302671 0.00843378 -0.0166908 0.999367 0.0756502 -3.09672 0.0478999 99.96467557730905 9.999999999999998
0 1 1212 12 0.0198803 0.002217 0.000869875 0.9998 -0.0436352 -3.17113 -0.0700736 99.99333117292329 9.999999999999998
0 1 1213 13 0.0228556 0.000367211 0.00306556 0.999734 -0.0794503 -3.06742 -0.191774 99.99075215939966 9.999999999999998
0 1 1214 14 0.0335613 -0.00349465 -0.045085 0.998413 0.137458 -3.09804 -0.143777 99.8456761271499 9.999999999999998
0 1 1215 15 0.0279503 -0.00801375 -0.0114003 0.999512 -0.12901 -3.00058 -0.155794 99.9772156682086 9.999999999999998
0 1 1216 16 0.0289366 -0.00764905 0.0218276 0.999314 0.19784 -2.96466 -0.0681702 99.9532133528332 9.999999999999998
0 1 1217 17 0.0319932 -0.00332046 -0.007669 0.999453 0.009327 -3.11755 -0.187005 99.97889679116012 9.999999999999998
0 1 1218 18 0.0351466 -0.00581562 -0.0179825 0.999203 -0.216884 -3.15929 -0.000483977 99.957583625873 9.999999999999998
0 1 1219 19 0.0317167 0.00460861 0.00619386 0.999467 -0.0404176 -3.01787 -0.0454893 99.98053721985758 9.999999999999998
0 1 1220 20 0.0435368 -0.00353758 0.00010577 0.999046 -0.0343912 -2.85548 0.0651266 99.96787277125598 9.999999999999998
0 1 1221 21 0.0313185 -0.0100041 -0.0161373 0.999329 0.0500387 -3.16555 -0.0646421 99.96474734279091 9.999999999999998
0 1 1222 22 0.0243579 -0.00548528 -0.00268747 0.999685 -0.0950962 -3.27799 -0.034505 99.9892006059175 9.999999999999998
0 1 1223 23 0.0373093 0.00154958 0.0126838 0.999222 0.000903979 -3.12157 -0.143615 99.96571429248877 9.999999999999998
0 1 1224 24 0.0273509 -0.00511864 -0.0125484 0.999534 0.103299 -2.88434 0.089176 99.97673079904015 9.999999999999998
0 1 1225 25 0.0231461 -0.00253741 -0.0166948 0.999589 -0.0430658 -3.02258 -0.326879 99.97223162863375 9.999999999999998
0 1 1226 26 0.0286282 0.00339718 0.0458152 0.998534 0.131429 -3.06407 -0.116871 99.84617574746862 9.999999999999998
0 1 1227 27 0.0257948 -0.00175971 0.0197868 0.99947 0.0874076 -3.00898 -0.201226 99.96274555812444 9.999999999999998
0 1 1228 28 0.0305247 0.0122943 0.011206 0.999396 0.0221527 -2.92567 -0.00606727 99.97404007136426 9.999999999999998
0 1 1229 29 0.0335949 -0.00039411 -0.0114968 0.999369 -0.0827371 -3.1309 -0.126949 99.97207939383195 9.999999999999998
0 1 1230 30 0.0292503 -0.0117477 -0.00171745 0.999502 -0.00340917 -3.02148 -0.128066 99.98314964719017 9.999999999999998
0 1 1231 31 0.0412793 -0.000708151 -0.0246672 0.998843 -0.0597199 -3.02169 0.0538403 99.93111601798978 9.999999999999998
0 1 1232 32 0.0339534 -0.00062793 0.0157351 0.999299 0.00633811 -3.18101 -0.128797 99.96420428727414 9.999999999999998
0 1 1233 33 0.024663 -0.00638961 -0.0426798 0.998764 0.123263 -2.99847 0.0159669 99.8682555782538 9.999999999999998
0 1 1234 34 0.0391528 0.00232957 0.0208481 0.999013 0.058116 -2.96013 -0.118725 99.94504934532496 9.999999999999998
0 1 1235 35 0.0294964 0.00245052 -0.000821092 0.999562 -0.0321683 -3.14952 -0.17281 99.98521721646792 9.999999999999998
0 1 1236 36 0.0298701 -0.00343679 -0.0555855 0.998001 -0.0432638 -2.92605 -0.126502 99.77874227640754 9.999999999999998
0 1 1237 37 0.0228819 0.0056229 0.0191941 0.999538 -0.164066 -3.11587 -0.138526 99.96662189518419 9.999999999999998
0 1 1238 38 0.0256538 0.000887883 0.0127737 0.999589 0.0922468 -3.03399 0.0613566 99.9778571922625 9.999999999999998
0 1 1239 39 0.0318619 0.000771692 0.0122415 0.999417 -0.0299831 -3.07901 -0.380572 99.97322708563533 9.999999999999998
0 1 1240 40 0.0373312 -0.0123718 0.00812175 0.999193 0.0548115 -3.01175 -0.0288549 99.96951341047507 9.999999999999998
0 1 1241 41 0.0302986 0.00048524 0.0121103 0.999467 0.0094919 -3.12566 -0.139396 99.97506914958791 9.999999999999998
0 1 1242 42 0.0327129 -0.00859308 -0.0013395 0.999427 -0.0838546 -3.10407 -0.0704546 99.98081573013829 9.999999999999998
0 1 1243 43 0.033106 -0.00526836 -0.0141125 0.999338 0.286475 -3.11071 -0.151375 99.96843783747305 9.999999999999998
0 1 1244 44 0.0396417 -0.000605752 0.00644868 0.999193 -0.0813753 -3.09128 -0.0170196 99.97113332643649 9.999999999999998
0 1 1245 45 0.0266562 0.00334491 -0.00368328 0.999632 0.0220437 -3.08965 -0.243809 99.98698412975013 9.999999999999998
0 1 1246 46 0.0279332 -0.000775851 0.0074459 0.999582 0.1711 -3.22702 -0.229123 99.98314506171386 9.999999999999998
0 1 1247 47 0.0302187 0.00789998 -0.001269 0.999511 -0.109196 -3.17172 -0.339867 99.9837581985243 9.999999999999998
0 1 1248 48 0.0390399 -0.00441643 -0.0148013 0.999118 0.102301 -2.80005 -0.0583969 99.95966285336662 9.999999999999998
0 1 1249 49 0.026862 0.00644715 0.0121627 0.999544 -0.113522 -2.91989 -0.256649 99.97735774136513 9.999999999999998
0 1 339 771 -0.3592560075509805 0.4182346736691368 0.6976798534379085 -0.457446937782142 -1.8433319353350397 -3.9683403499702887 -4.883708256868885 198 18
0 1 645 1230 0.2848334866633118 -0.6073165837394249 -0.7046543563767221 -0.23129783835912157 -4.333357011186686 -3.2809472124387606 0.5602015856191151 495 45
0 1 1230 454 0.41693758950837856 -0.1531009440801945 0.8393456150018942 0.31340402989398214 1.9009329278015716 -3.646182381996935 3.742884485106943 693 63
0 1 740 935 -0.2637292377613473 -0.5270334225254443 -0.44515267401593933 0.674182288040404 3.535950680089657 -0.6817754767427076 -3.2544866424371435 693 63
0 1 964 538 -0.0381856952179011 -0.08259525117633498 -0.2572064992883336 0.9620627286656958 1.1653421648418796 4.503269472252786 3.786143405708126 594 54
0 1 1012 170 -0.02853043168841486 -0.926638729287315 -0.2387613762549351 -0.28899772501061677 -3.981948374280705 -3.290746587011666 3.26432314726892 198 18
0 1 305 1227 -0.512324491393293 0.5101502715835695 -0.5072458883556035 0.4690116466231394 -1.4780781562261822 -4.03918460045655 -2.549166108306223 495 45
0 1 521 1158 0.5919021188638012 -0.7329323804168201 -0.1028132312209833 -0.3192043967538308 4.001712726890833 -0.26141952252606515 -4.9493543374244675 891 81
0 1 913 734 -0.5061031920775678 0.44549228104416266 -0.7347466611046056 0.07445488899057844 3.378898604576145 -2.4855961183992514 -0.15711276608097702 891 81
0 1 349 31 -0.2423256606527421 0.5356288572756227 -0.5779098226650194 -0.5660390784301985 0.45581137363743984 -4.837668129615935 -3.7625435823596987 594 54
0 1 1199 998 0.6709646795736347 -0.22180387363600634 -0.5332625082606572 0.4650167068915532 -2.331923503394251 -1.4987929072461026 0.6909015394541482 990 90
0 1 749 394 -0.48536142415277506 0.2792146670635244 0.08286970662279085 -0.8243761698188806 2.856923822592602 0.04576475266954727 1.3194448347288903 297 27
0 1 403 1120 0.4634992813412294 -0.6125904144620105 -0.42526038457440607 0.4785969135055664 -2.5623202693717575 -4.255824099788942 4.973130762021828 198 18
0 1 1162 243 0.7571144182867154 0.6079333176281664 -0.234034631320734 0.049220222292747355 3.546857659089648 3.7209371207783413 2.0207634078669434 594 54
0 1 780 899 0.43383436560517286 -0.7997429541670408 0.011481578988304915 0.41480974412863925 -3.81346663327492 -1.5238416145439015 3.366102617058802 99 9
0 1 590 246 0.38219984003371504 0.5701659755798675 -0.5207646703389377 0.5075807331804842 -4.6493691225396505 -2.3713305540873297 0.16823659552303916 594 54
0 1 283 1150 -0.4044316401789586 -0.8825642163745274 0.03156866055364433 -0.23773698085956765 -4.892649436786912 -1.4710797140571055 3.5273623952738564 792 72
0 1 702 1147 0.45740172356362385 0.17739560520004322 0.5542076104074474 -0.6724346712530547 -4.2260037824423 -2.9769798166367476 0.9059306546863617 396 36
0 1 1117 103 -0.5350462218711073 0.2892429981011732 0.541244649638199 0.580618857555386 -0.9859527519792923 1.496621005839513 1.007706908823101 396 36
0 1 955 1226 -0.6351922469271377 0.3633187493147203 -0.29577043520247476 0.614044090843793 0.8104620860617917 4.010664741831205 -0.18934097000741268 792 72
0 1 700 441 0.5431749667028513 0.6727443943792096 -0.48641450935447667 0.12560597305920876 -1.634197155556616 2.573140830441698 -3.6662627457903962 594 54
0 1 815 1148 0.11445601634468476 0.4873401931142845 0.4800414025919214 -0.7203885120512528 0.9531036040320915 -3.200165172616438 0.07939290393938503 891 81
0 1 604 131 -0.4171035227369027 -0.3327156833529667 0.5903224617493572 -0.6056767425992294 0.42273731711555484 -4.354872353975593 1.4050227512500237 99 9