0 1 2499 0 0.8834093 0.1178747 -0.4049636 0.204201 -0.062464 0.025977 0.092057 200.0 100.0
0 1 2400 0 0.5234807 -0.7264352 -0.2577098 0.3631053 0.495697 0.445836 -0.176059 200.0 100.0
0 1 2401 1 0.6708264 0.075135 -0.10002 0.7309874 0.092203 -0.549268 -0.386801 200.0 100.0
0 1 2403 3 0.1662251 0.3031896 -0.6690268 0.6579121 -0.115935 -0.782031 -0.23009 200.0 100.0
0 1 2404 4 0.4844525 0.208651 0.569484 0.6304432 -0.523634 -0.319355 0.388039 200.0 100.0
0 1 2405 5 0.6181851 -0.2290962 0.2912607 0.6932022 -0.454885 -0.396606 -0.679891 200.0 100.0
0 1 2406 6 0.4192218 -0.0781853 -0.8377509 0.3410477 -0.651246 0.103342 0.371363 200.0 100.0
0 1 2408 8 -0.2210391 0.1041973 0.863006 0.4421597 -0.622136 -0.661755 0.019752 200.0 100.0
0 1 2409 9 -0.5074979 0.743354 -0.4336119 0.0430273 -0.432257 0.045733 0.787361 200.0 100.0
0 1 2411 11 -0.0166199 -0.9023095 0.1792748 0.3916912 -0.159727 0.621806 0.1366 200.0 100.0
0 1 2412 12 0.4469141 -0.2864113 -0.6086837 0.5896953 0.325968 0.61823 0.164214 200.0 100.0
0 1 2413 13 -0.0037512 0.4294478 -0.0003143 0.9030838 0.179827 0.441289 -0.367982 200.0 100.0
0 1 2414 14 0.5786875 0.4558974 -0.5360791 0.4121864 0.110455 0.626402 0.292967 200.0 100.0
0 1 2415 15 -0.1078363 -0.0824176 -0.628681 0.7657277 0.48753 0.489599 -0.021995 200.0 100.0
0 1 2416 16 -0.3311782 -0.2993562 0.6737685 0.5888488 0.136882 0.262579 -0.770851 200.0 100.0
0 1 2417 17 0.0711872 -0.5824202 0.725392 0.3598966 -0.23915 -0.601741 0.102207 200.0 100.0
0 1 2418 18 0.2539257 -0.1142991 0.4394982 0.8539899 0.035348 0.635778 -0.458199 200.0 100.0
0 1 2420 20 0.2571475 -0.5739389 0.2834399 0.723969 -0.349927 0.125281 0.440714 200.0 100.0
0 1 2421 21 0.1119011 -0.2241086 -0.4461341 0.859196 -0.281493 -0.376239 -0.445281 200.0 100.0
0 1 2422 22 0.2535533 -0.6592148 -0.5696525 0.4202886 0.364334 -0.041579 0.394137 200.0 100.0
0 1 2423 23 -0.5564633 0.564907 -0.2692864 0.5465468 0.227036 0.599174 -0.039232 200.0 100.0
0 1 2425 25 0.4777611 -0.7828447 0.3027288 0.2593334 -0.572196 0.413765 0.057614 200.0 100.0
0 1 2426 26 -0.4649774 -0.4316158 -0.4752077 0.6096569 -0.257495 0.165778 0.586355 200.0 100.0
0 1 2427 27 -0.0591111 0.0630803 -0.9587024 0.2709548 -0.285136 0.027218 0.210108 200.0 100.0
0 1 2429 29 0.1431702 0.5948223 -0.2388892 0.7540694 0.39024 -0.630931 -0.106937 200.0 100.0
0 1 2430 30 -0.1054435 -0.2026899 -0.4975045 0.836832 -0.173371 0.383594 0.275431 200.0 100.0
0 1 2431 31 0.6492634 -0.0558751 0.2788751 0.7053819 0.03555 0.60716 0.10138 200.0 100.0
0 1 2432 32 -0.6187296 -0.0085327 -0.599782 0.5073091 -0.404376 0.495688 -0.125653 200.0 100.0
0 1 2433 33 -0.695503 0.1937101 0.6853833 0.0948773 -0.45066 0.197661 -0.229456 200.0 100.0
0 1 2434 34 0.3780346 -0.0093833 0.4671056 0.7992585 -0.322473 0.559832 -0.118887 200.0 100.0
0 1 2435 35 0.4641976 0.4150731 -0.3425476 0.7034884 -0.272947 0.423565 0.335808 200.0 100.0
0 1 2437 37 0.1560952 0.374124 0.8290819 0.3850827 -0.481585 -0.25277 0.205974 200.0 100.0
0 1 2438 38 -0.255559 0.1057555 -0.8342621 0.4769822 -0.221652 0.283959 0.008465 200.0 100.0
0 1 2439 39 -0.4462294 -0.4788072 0.7560424 0.0047835 0.057022 -0.102672 -0.584134 200.0 100.0
0 1 2440 40 0.2008045 -0.1735846 0.5862032 0.7654487 -0.047189 0.398725 0.324018 200.0 100.0
0 1 2442 42 -0.0581977 -0.1491218 0.2361638 0.9584375 0.504381 -0.02523 -0.349089 200.0 100.0
0 1 2443 43 0.3412746 -0.4073532 -0.8240203 0.1964322 -0.244601 0.151316 -0.186118 200.0 100.0
0 1 2444 44 0.4300661 -0.0936592 0.8689632 0.2262169 -0.29119 -0.017013 0.357385 200.0 100.0
0 1 2445 45 0.1702968 -0.6473642 0.0002988 0.7429122 0.239295 0.254045 -0.083977 200.0 100.0
0 1 2447 47 -0.2042731 0.6107977 0.4760818 0.5987861 0.356395 -0.042192 -0.343771 200.0 100.0
0 1 2448 48 0.3050475 -0.7093203 -0.6022903 0.2026257 0.497014 0.294486 0.056574 200.0 100.0
0 1 2449 49 -0.6899217 -0.0674705 0.2470043 0.6770854 -0.567275 0.154329 -0.031377 200.0 100.0
0 1 2450 50 -0.2629685 0.434875 0.2138696 0.8342608 0.434278 0.188671 -0.199738 200.0 100.0
0 1 2451 51 0.2703754 0.2222832 0.1123651 0.9299793 -0.735221 -0.197792 0.203089 200.0 100.0
0 1 2452 52 0.6990069 0.2792926 -0.2691335 0.6007929 0.34331 0.344917 -0.397209 200.0 100.0
0 1 2455 55 0.2797165 -0.8245506 0.41727 0.2603091 -0.450009 -0.394905 -0.010639 200.0 100.0
0 1 2456 56 -0.1117552 -0.2918451 -0.5562187 0.7700377 -0.47261 0.11539 -0.005784 200.0 100.0
0 1 2457 57 0.2800933 0.3056776 0.7081229 0.5715513 0.263168 0.460785 -0.227389 200.0 100.0
0 1 2459 59 0.0939611 -0.0492316 -0.8280642 0.5505063 -0.33395 -0.442459 -0.293297 200.0 100.0
0 1 2460 60 -0.3525018 0.1582172 0.1339447 0.9125616 -0.31684 -0.275565 0.568248 200.0 100.0
0 1 2461 61 -0.2675677 0.425176 0.8328009 0.2325415 -0.464276 0.350255 -0.022813 200.0 100.0
0 1 2462 62 -0.2464716 0.1541898 0.6914883 0.6613027 0.054116 -0.406625 0.339241 200.0 100.0
0 1 2463 63 -0.345828 0.1841924 -0.4837594 0.7825938 -0.613332 0.284534 -0.139818 200.0 100.0
0 1 2464 64 -0.6268193 -0.076663 0.0298009 0.7748111 -0.52599 0.33675 0.175825 200.0 100.0
0 1 2465 65 0.5140109 -0.4706779 0.0351849 0.7162521 -0.342919 0.289102 -0.462442 200.0 100.0
0 1 2466 66 -0.1283511 0.726067 0.356532 0.5737924 0.064149 0.063209 -0.740204 200.0 100.0
0 1 2467 67 0.1681333 0.2350838 -0.1266085 0.9489136 -0.169565 -0.487102 -0.344612 200.0 100.0
0 1 2468 68 -0.2287926 -0.3068838 -0.3635339 0.8493052 -0.528653 0.259762 -0.237155 200.0 100.0
0 1 2469 69 0.1963415 -0.1622057 -0.9065645 0.3365713 0.122594 0.556888 0.228151 200.0 100.0
0 1 2471 71 -0.7877994 0.0131757 -0.0287104 0.6151213 -0.539717 -0.383002 -0.220839 200.0 100.0
0 1 2473 73 -0.0910165 -0.8670489 -0.2311181 0.4318872 0.502384 -0.215491 0.130612 200.0 100.0
0 1 2475 75 -0.1919738 -0.3372699 0.4424515 0.808475 -0.485642 -0.292506 -0.241374 200.0 100.0
0 1 2476 76 0.0847456 0.4694867 0.8714577 0.1138505 0.091531 -0.028507 0.63304 200.0 100.0
0 1 2477 77 0.3750478 0.4031656 0.6071465 0.5728611 0.20702 0.365657 0.410004 200.0 100.0
0 1 2478 78 -0.5684728 0.0018901 0.5072187 0.6477378 -0.794349 0.032102 -0.240307 200.0 100.0
0 1 2479 79 0.110931 0.095361 -0.5047289 0.8507933 -0.411285 -0.625005 -0.275019 200.0 100.0
0 1 2480 80 0.4642381 -0.1518246 0.0339612 0.8719397 0.220226 0.520211 0.488032 200.0 100.0
0 1 2481 81 -0.0062014 0.2401172 -0.9659226 0.0964306 0.246361 -0.647384 0.262376 200.0 100.0
0 1 2482 82 -0.1200624 0.0330598 0.9699981 0.208796 -0.249464 -0.511962 0.201915 200.0 100.0
0 1 2484 84 -0.849856 0.2388505 -0.0530379 0.4667786 -0.579978 -0.315791 -0.17726 200.0 100.0
0 1 2485 85 0.1804745 -0.6574037 -0.2999348 0.6672994 -0.179428 0.626011 -0.287275 200.0 100.0
0 1 2486 86 0.228336 0.5091514 0.4238443 0.7134308 0.503058 -0.688031 0.070483 200.0 100.0
0 1 2487 87 0.3754446 0.2083343 0.7345246 0.5254634 -0.140347 0.557452 -0.343325 200.0 100.0
0 1 2488 88 -0.3887103 0.7598384 -0.3886964 0.3470808 -0.335541 0.110686 0.555229 200.0 100.0
0 1 2489 89 0.3987191 0.2884451 -0.2077304 0.8453819 -0.459409 0.464831 0.182924 200.0 100.0
0 1 2490 90 -0.6073227 -0.5064043 0.5159553 0.3293994 0.660285 0.311025 -0.120037 200.0 100.0
0 1 2493 93 0.5950872 0.2607676 -0.7342854 0.196714 -0.237891 0.844915 0.324136 200.0 100.0
0 1 2494 94 -0.2590759 0.0609034 -0.6934556 0.6695445 -0.408658 0.211942 -0.719994 200.0 100.0
0 1 2495 95 -0.2030708 -0.6841409 0.2896739 0.6378107 0.280463 0.427371 0.263206 200.0 100.0
0 1 2497 97 0.141954 0.1051371 0.1996171 0.9638196 -0.27146 -0.677377 -0.11671 200.0 100.0
0 1 2498 98 -0.5454786 0.3568709 -0.1852763 0.7353699 0.642537 0.014366 -0.421142 200.0 100.0
0 1 2499 99 -0.0365652 0.3377083 -0.9378229 0.0714441 -0.142408 0.293197 0.506805 200.0 100.0
1 0 2400 0 -0.1150685 0.5416606 -0.5617922 0.6146158 0.3645 0.106421 -0.442949 200.0 100.0
1 0 2402 2 0.0992984 -0.2889593 -0.0294365 0.9517226 -0.729257 -0.010234 -0.087142 200.0 100.0
1 0 2404 4 0.0231182 -0.7685347 -0.566643 0.296202 0.587719 0.001519 -0.334149 200.0 100.0
1 0 2407 7 0.1613082 0.2315867 -0.9590102 0.0254295 0.335125 0.604894 0.468488 200.0 100.0
1 0 2408 8 0.6134732 -0.3717464 0.1072915 0.6884357 0.423392 0.2738 0.504375 200.0 100.0
1 0 2410 10 -0.3604657 -0.2743007 -0.0370719 0.8907577 -0.092341 -0.210219 -0.689138 200.0 100.0
1 0 2411 11 0.3905846 -0.1134428 -0.3800768 0.8307322 0.547693 0.451256 0.269672 200.0 100.0
1 0 2413 13 0.6997771 -0.3337848 0.6092741 0.1663872 -0.189075 0.347187 0.38361 200.0 100.0
1 0 2414 14 0.1884093 -0.0221911 -0.5815812 0.791058 0.355925 -0.058826 0.350379 200.0 100.0
1 0 2415 15 0.4324103 0.2116614 0.7636719 0.4301465 0.583219 0.452261 -0.284472 200.0 100.0
1 0 2416 16 -0.8359959 0.5098621 0.1527295 0.1335106 0.10769 -0.309834 0.565847 200.0 100.0
1 0 2417 17 -0.024538 -0.1754297 -0.9715674 0.1570955 0.364234 0.272311 -0.411534 200.0 100.0
1 0 2418 18 0.0080272 0.2061481 -0.7467972 0.632244 0.199971 0.425277 0.439051 200.0 100.0
1 0 2419 19 -0.1634059 0.3580707 -0.7875734 0.4741434 0.356511 -0.409281 -0.194898 200.0 100.0
1 0 2420 20 0.0753827 0.4092256 0.1635158 0.8944911 -0.386368 0.46226 -0.046265 200.0 100.0
1 0 2421 21 0.2339672 0.0863104 -0.2335217 0.9398284 0.499574 -0.068055 0.114134 200.0 100.0
1 0 2422 22 -0.492413 0.5968519 0.0798673 0.6284254 -0.286888 0.435797 -0.190284 200.0 100.0
1 0 2423 23 0.7414382 -0.1832471 -0.6276942 0.1506315 -0.434802 -0.020507 -0.407917 200.0 100.0
1 0 2424 24 -0.0920874 -0.3482491 0.5515585 0.7523468 0.690651 -0.001813 0.178249 200.0 100.0
1 0 2425 25 0.6135976 -0.5053783 -0.5911196 0.1366323 0.210145 0.124532 -0.564082 200.0 100.0
1 0 2426 26 0.1971781 -0.671976 -0.1278588 0.7022971 -0.384502 -0.038453 0.437256 200.0 100.0
1 0 2428 28 -0.7512325 0.4548603 -0.1654017 0.4487694 0.405604 -0.38567 0.007858 200.0 100.0
1 0 2429 29 -0.4926373 0.6177925 0.0074257 0.6128505 0.335475 -0.416196 -0.396906 200.0 100.0
1 0 2430 30 -0.804236 -0.5442727 -0.1838122 0.1522654 -0.098405 0.188881 0.555089 200.0 100.0
1 0 2431 31 0.4522327 0.3244844 -0.1779115 0.8115066 0.254656 0.273777 -0.367917 200.0 100.0
1 0 2434 34 -0.3111628 0.5914317 -0.0042284 0.7438874 -0.440501 0.181786 0.27591 200.0 100.0
1 0 2435 35 0.3352858 0.3677828 0.6359535 0.5898155 0.481037 0.181374 -0.031191 200.0 100.0
1 0 2436 36 0.8629637 0.1710108 -0.4750283 0.0199263 -0.294502 0.18199 -0.49262 200.0 100.0
1 0 2437 37 -0.8039002 -0.1821979 0.2621702 0.5018118 0.028292 0.56375 0.131217 200.0 100.0
1 0 2438 38 0.5250868 -0.2640738 -0.7930867 0.1598821 -0.474619 -0.201674 -0.194839 200.0 100.0
1 0 2440 40 0.2260803 -0.5771909 0.7560329 0.2101249 0.423304 0.080901 0.075579 200.0 100.0
1 0 2441 41 -0.1511441 -0.7428093 0.149857 0.6347697 0.083109 -0.254391 0.456055 200.0 100.0
1 0 2444 44 -0.1203538 -0.3509852 -0.730783 0.5729577 0.429351 -0.158594 -0.487081 200.0 100.0
1 0 2445 45 0.2767386 -0.0199508 0.1833595 0.9430785 -0.379238 0.21677 -0.153776 200.0 100.0
1 0 2446 46 0.4942848 -0.33921 0.6430949 0.4764956 -0.301884 0.364507 -0.090658 200.0 100.0
1 0 2448 48 0.4695285 0.2125295 -0.6424706 0.5671029 0.575271 -0.227433 0.090729 200.0 100.0
1 0 2450 50 -0.3035737 0.1887341 0.0929696 0.9292896 -0.349219 0.445749 0.068284 200.0 100.0
1 0 2451 51 -0.7063877 0.2915959 0.3586041 0.5360889 -0.578401 -0.289997 0.106805 200.0 100.0
1 0 2452 52 -0.3779041 -0.5615348 -0.55276 0.4861312 -0.51857 0.076071 -0.465678 200.0 100.0
1 0 2453 53 -0.1316719 0.6287783 -0.4717405 0.6039546 0.124979 -0.077284 -0.448842 200.0 100.0
1 0 2455 55 0.0891465 -0.1993593 -0.8338101 0.5070201 0.375391 -0.313783 -0.093253 200.0 100.0
1 0 2457 57 -0.3822367 0.0556708 0.8247318 0.4130536 -0.317389 -0.226017 -0.217278 200.0 100.0
1 0 2458 58 -0.0673708 0.0728001 -0.9352267 0.3398711 -0.412243 -0.138863 -0.466614 200.0 100.0
1 0 2459 59 -0.2870982 0.4013328 0.7562214 0.4296927 -0.122052 -0.410606 0.360649 200.0 100.0
1 0 2460 60 0.029915 0.4922866 0.8298086 0.2611067 -0.359787 -0.041026 0.439764 200.0 100.0
1 0 2461 61 0.7444421 0.3032188 -0.5768771 0.1451795 0.24495 -0.225161 0.299875 200.0 100.0
1 0 2464 64 -0.5245296 0.0381742 -0.0586369 0.8485123 -0.269244 -0.458176 -0.033488 200.0 100.0
1 0 2465 65 -0.4680103 0.4637599 0.4895872 0.571137 0.101841 0.649817 0.147024 200.0 100.0
1 0 2466 66 -0.0404207 -0.1238362 -0.9702782 0.2039385 0.225085 -0.140948 -0.393345 200.0 100.0
1 0 2468 68 -0.3833718 -0.6697058 0.0148338 0.635846 -0.107085 0.565633 -0.078895 200.0 100.0
1 0 2469 69 0.7012649 0.3324805 0.41397 0.4757238 -0.45908 -0.027467 0.642341 200.0 100.0
1 0 2470 70 -0.5040249 -0.2023967 -0.8309081 0.1207732 -0.024071 -0.633136 -0.250788 200.0 100.0
1 0 2473 73 0.3666518 0.5910207 0.4252908 0.5791276 -0.495343 0.076531 -0.010737 200.0 100.0
1 0 2477 77 -0.2208706 0.3956752 0.2583913 0.8531654 0.719682 0.17993 -0.426254 200.0 100.0
1 0 2478 78 -0.5030886 0.5652709 0.5929282 0.2753304 -0.578548 -0.056789 0.289465 200.0 100.0
1 0 2479 79 0.5681453 -0.2603942 0.252856 0.7385592 0.372562 0.448762 0.136493 200.0 100.0
1 0 2480 80 0.0218083 0.6743111 -0.0359779 0.737248 0.75377 0.288788 0.286309 200.0 100.0
1 0 2482 82 -0.1546822 0.1966971 0.6011395 0.7589565 -0.66384 0.36223 0.312036 200.0 100.0
1 0 2483 83 0.4273438 -0.4262512 0.6641899 0.4410657 -0.503264 -0.426111 0.006911 200.0 100.0
1 0 2484 84 -0.4687633 -0.1362883 -0.8697897 0.0717802 -0.180709 0.418307 0.376912 200.0 100.0
1 0 2485 85 -0.7274777 0.2579682 0.5579663 0.3047987 0.229191 0.563647 -0.393524 200.0 100.0
1 0 2486 86 0.5577647 0.7676528 0.3151597 0.0167919 -0.329577 -0.59404 0.511647 200.0 100.0
1 0 2487 87 -0.587641 -0.4197381 -0.3928907 0.5693284 0.398865 -0.549209 0.35195 200.0 100.0
1 0 2489 89 -0.2617402 -0.1011895 -0.8150691 0.5068679 -0.206692 -0.50584 -0.519792 200.0 100.0
1 0 2490 90 -0.4260088 0.19021 0.8399071 0.2772954 0.025819 0.289637 -0.404307 200.0 100.0
1 0 2491 91 -0.55731 0.083538 -0.6759158 0.4749367 0.147185 0.635818 0.06429 200.0 100.0
1 0 2492 92 -0.1335588 0.9181398 0.0463448 0.3701803 -0.315889 0.600588 -0.027245 200.0 100.0
1 0 2493 93 0.0935106 0.4129086 -0.497701 0.7570046 0.371615 0.425771 -0.619725 200.0 100.0
1 0 2494 94 -0.3379352 0.1709633 -0.8985281 0.2218527 0.213857 -0.363748 -0.838163 200.0 100.0
1 0 2495 95 -0.0873428 -0.4932427 -0.0579561 0.8635531 -0.669778 0.064536 -0.230214 200.0 100.0
1 0 2496 96 -0.3944655 -0.3827311 0.373842 0.7470985 0.414156 0.173829 0.698495 200.0 100.0
1 0 2497 97 0.2419071 -0.1443965 0.3463294 0.8948109 -0.178777 -0.653848 0.61169 200.0 100.0
0 1 686 194 -0.43496192611372914 -0.13953960313817132 0.5195370202230813 -0.7220928656379303 0.39398425747558274 -3.6315747483448635 -1.4420994406923127 600 300
0 1 116 674 0.7600715530293282 0.17913434379383505 0.5987610797062459 0.17800924295706666 2.8906291393559327 -0.13029265729654238 4.690359111901163 1000 500
0 1 1639 1002 -0.374740214722353 -0.16617745254741675 0.8956737423406969 0.1724046780574907 0.7092311145283325 -2.3700968227407615 -4.250915603570135 800 400
0 1 1020 729 -0.2865803471439063 0.046009041367726294 -0.7894235245911467 0.5408931239768096 -1.7612460611209189 -3.500256143520436 4.374436938962324 400 200
0 1 772 2452 -0.04294439928676024 0.5039214653030487 0.6279109573609221 -0.5915629848146499 4.837611768354474 1.0795445425035481 -2.537193431165856 500 250
0 1 469 2287 -0.25716859649083895 0.4148314202551168 0.22662365392819908 -0.8428647134791479 -1.2445947270050906 -2.649556868523243 -1.0116983391317955 200 100
0 1 1153 142 -0.43322671214371744 0.4329529520040295 0.5997930353407235 0.5148928742883344 -3.6198912720835894 -4.803698863726803 -2.335917534675688 1800 900
0 1 2191 353 0.6358229899099265 -0.22787082847055995 0.6277360328945524 0.3869773688989472 2.423669097363619 -0.8150832770812375 -2.2773923511922165 1200 600
0 1 1714 2015 -0.3244685271590494 0.6718304293412206 -0.4038094306343638 0.5294355417094505 1.8084903764586047 2.46491978833245 0.9038223937391363 1600 800
0 1 1165 774 0.6388328340995953 -0.5958226038480945 -0.14481397632634976 0.46466864223929166 4.458193449914317 -2.6065458567178923 1.9668643562746873 800 400
0 1 1858 1671 -0.4305377225211935 -0.4877519014392431 0.38535374499322633 0.6543988411881259 2.470779617328124 -4.551424906553459 4.1749925693847665 1000 500
0 1 809 70 0.23998087021039086 -0.3950762611787713 -0.7258399004450945 0.5093921561114997 3.0006438624754352 -3.0888716885643577 -3.9806695265900283 800 400
0 1 950 895 -0.7800319737502444 0.2985150566885906 -0.41084187117956716 0.3655787709142556 3.3420456840101735 -3.9080047798196604 -1.260842194566394 800 400
0 1 2151 1793 -0.9961616664640499 0.04560559286019242 0.02271535343559472 -0.07117637870623623 -0.332007013254505 -3.0718909678957953 1.6363952496697394 400 200
0 1 1475 226 0.8212912433874209 0.2628825255469705 -0.10312469075063278 -0.4957204549489329 -1.6787785672868027 2.251141595994542 0.4251535117960703 2000 1000
0 1 1625 1753 0.03271696336771285 0.5861921297167613 0.624211451249385 -0.5154303556206796 -4.948225267311487 0.014662086995357093 -3.787787863012709 1400 700
0 1 1439 510 -0.5011548123003903 -0.16584423110229446 0.6671967146979693 -0.5255360016349843 0.22110455182049726 -2.928622087931334 3.6653166330391116 800 400
0 1 2149 293 0.7150561805001912 -0.6292152450814383 -0.30419709138808254 0.01571507800215977 -4.520662179617543 -4.228654423974898 1.3417108178321886 1200 600
0 1 225 1713 -0.3367162532467737 -0.5723339422114985 0.24919528490169138 -0.7049522915594107 -2.2791496868193875 0.22903189367506904 -2.5529067663044716 2000 1000
0 1 1234 1244 -0.3103874668188056 0.6909412210499475 0.3692552897033665 -0.5384332646873662 -2.8069135742893456 -1.328776483014237 4.028947281996569 1600 800
0 1 238 2338 0.407486477824421 0.5428881246731807 -0.04916808709689203 -0.7326730196276624 -3.711218960226539 2.8997592044788014 2.6883955496273515 1800 900
0 1 2393 384 0.3495255913396981 0.457711393511031 0.5448544990810439 0.6094798734002373 4.3825223512104845 2.9862126848905213 0.4684077830350901 1200 600
0 1 463 1475 0.01628296347051084 -0.33496844785150715 0.711838128823575 -0.6171041098530471 -1.8033254476899883 2.658472565440947 -0.9502295180242468 1200 600
0 1 1485 1105 0.5719763776039475 0.535679586909659 0.45490425940684487 0.4230277986195155 -4.739583049221723 -2.6208105488123223 -3.595960957475702 600 300
0 1 41 968 -0.05345476747034304 0.7948555014700788 0.16324286709664482 -0.5819785957915534 1.9187483182164966 4.369691118685257 -2.050983994690511 600 300
0 1 2385 847 0.49388921372011774 0.5717648415993039 0.27263419560770946 -0.5956752520183997 -4.224423782847577 0.004001642159183305 3.5655216694426493 1200 600
0 1 1227 530 -0.7018642520134531 0.1791646735766742 0.22475821231812285 -0.6517440736081314 -1.1073804342011417 2.584934782833944 0.5724164078184648 1200 600
0 1 1510 2221 0.14248689530270692 -0.18378463980412157 -0.5646278188340078 -0.7919066340407912 1.7847803848788368 3.591430128119983 -1.3176952236598782 1600 800
0 1 1604 2272 0.05983499715893961 -0.6774418508778312 -0.639544797689886 0.35843376451167497 4.973719575352149 -0.911442651062913 -1.2611355086603213 1800 900
0 1 1892 486 0.07137170839177955 -0.06676190531709605 -0.45716814357733776 0.8839944658976778 -4.343747273662066 2.8872468854847213 -3.0208787079902075 600 300
0 1 1364 1884 -0.960131554469045 -0.2531612249383251 -0.07239468731542106 -0.09389249996184035 -2.812573857379701 4.653880409249016 -3.6907460387290802 2000 1000
0 1 1607 582 0.5155131005196961 0.6098261143582074 0.5372869579546511 0.2714425873940511 3.969808903121198 -4.331260643717206 3.2435468173957336 1000 500
0 1 1947 2302 -0.5693644332715787 -0.6904425476205158 -0.4406174134507496 0.07049486168932605 4.175978885894336 -2.227768402522602 -2.3949204978341254 2000 1000
0 1 1270 1212 0.7699315108595075 0.1695970580109102 -0.502617075015396 -0.35470886992378386 -3.9194966849996495 2.983748006334128 1.7264445332651013 1600 800
0 1 820 2231 0.3283028994894764 -0.6309999817313162 -0.5933221539935905 -0.37686211115245793 3.691568532205025 2.8861392763395237 -2.0440423057609722 1200 600
0 1 608 2242 -0.5351912958106917 -0.20185754835104172 -0.5676133186780484 0.5921477244079146 3.461033806677449 1.825273982608529 -3.305789930239549 1400 700
0 1 1586 1474 -0.40833202685816106 0.4965876915072287 -0.06240599852679208 -0.7633944667295549 -4.571957333116734 2.967844450799814 1.445504958955973 400 200
0 1 1117 1908 0.2805279724132566 0.11907999349463927 0.5679878910268826 0.7645350008272074 -4.365641636545186 2.1940381984981885 0.6761830861298987 800 400
0 1 1062 1069 -0.0014960776599309237 -0.535297867267194 -0.5520909292990803 -0.6392570381595396 2.792637585559828 -3.5245771260847847 3.809178907833129 400 200
0 1 193 674 0.02586967425679534 0.08841536193823722 -0.4587917633632381 -0.8837553969267901 2.52698079508699 1.2999373762387219 3.36577283768718 1600 800
0 1 286 332 0.1730139309782937 0.776403250599231 -0.6059231019879152 0.011016652110706104 -0.12914251694626522 -0.938419466331629 0.2817441242735459 800 400
0 1 247 2052 -0.6907079346383121 0.147141616361133 0.6355214614628475 -0.3120646820491491 -0.15380882269765106 -1.7252693063185722 2.390995913938225 1400 700
0 1 1923 2320 -0.5171609960434788 0.6380778126850397 0.5117728663728699 0.2519717094732831 -0.5341499352542307 2.6677398629854423 -2.4185576873401704 400 200
0 1 887 1370 0.23836857420156285 0.1738790737303065 0.45013358066537223 -0.8428085489060818 -2.847963306062687 0.9666108289876894 4.5467584981434666 800 400
0 1 376 79 -0.5710967811250117 0.09415345484249324 -0.33274489725111484 0.7444893732506989 -2.449639722050605 -0.5850584091623183 1.0673247420075418 400 200
0 1 695 466 -0.9144550460206071 0.23164911591233728 -0.24992934518460644 -0.2182795875020748 3.2632997582488574 -0.41658909151535806 4.833463781134078 400 200
0 1 728 1084 0.7430789973778508 -0.6500017854669123 0.15228160157469334 0.04627738505577421 -1.240440831329983 -4.32896526783567 -1.8531554910521297 600 300
0 1 559 1375 0.5893184312793208 0.6026305204038038 0.5179907342842074 0.14569091127461822 -4.7609627022288326 -0.07187366355658664 -3.2296795092805066 200 100
0 1 2385 1620 -0.3159055420171599 0.8143385749065731 0.47933065212351617 -0.08543125819523133 3.4848491391957808 4.589473192584741 1.7062790716637828 400 200
0 1 892 1500 -0.014551277949559006 -0.4180807066544363 0.17400552823567206 0.8914700551206342 -3.737050286587019 0.9055163204583883 2.8018603485188507 1000 500
0 1 1264 1127 -0.1270951370132954 0.15693050402391573 -0.9540929828702295 -0.22119272838897608 -0.8873876603042907 -4.649828768316916 1.566517915067486 1400 700
0 1 1416 539 -0.43298229676480593 0.5111544003973587 -0.5239033220059183 0.5260920250620165 4.503265240589689 3.2523158146955957 -2.466290139300862 800 400
0 1 1713 542 0.20267819961920316 0.35719693491298143 -0.9116988340676736 0.011710382040504973 -0.21333676703246063 -2.8547414289839503 2.0330530447814663 1800 900
0 1 2479 674 0.1026112198871373 -0.2954012675854699 -0.6704725665718225 -0.6728116869799189 3.5936991868233044 2.432739958853002 3.6014601169319747 800 400
0 1 697 1536 -0.09391605398488388 -0.29513831815740255 0.8303066794292537 -0.46331842835602216 2.682650759031767 -2.461746694527113 -1.3373587510388552 1200 600
0 1 1983 1863 -0.4288424826710403 -0.44437995573466577 -0.7753643896054955 -0.13202516172871073 2.559262266949027 -0.1316373634055541 1.602532636574666 600 300
0 1 1528 867 -0.4417604155637755 -0.17028969063501373 0.6550640495945015 0.5888465397989566 0.4973221784367574 -4.195798384476389 -1.0603548384152797 1000 500
0 1 908 2301 0.3691843664028217 0.5493744376567344 0.5864005755605601 0.4669314680285937 2.2014667132685704 -4.193488703627866 -0.6278217904064034 400 200
0 1 1001 1797 -0.07740678132975147 -0.7411102933858813 0.298692196510242 -0.5962773641398338 2.89765252188484 0.45162218023733214 -1.0951695302572229 600 300
0 1 346 786 0.4794078946014607 -0.06679062934160668 -0.66888801742896 0.5641771907529604 4.1094946709954066 -2.0137999656626238 2.501063925227342 1000 500
0 1 169 124 -0.3838889984825428 -0.5105372620732194 0.5990200085166587 -0.4828622684322655 -3.49590713909636 1.9315786885700987 0.9106015087067876 200 100
0 1 1761 2016 0.33152711279005354 0.6392238761666929 0.3894208241161893 0.5743117893341452 4.579040619690735 0.6111817566896036 4.177438789491644 1800 900
0 1 137 571 0.7609752991267621 -0.1168284799986293 -0.10289127531391365 0.6298262346428746 -1.5743050011657367 -0.7186491603302709 -4.617826527247684 400 200
0 1 553 840 0.5060096160108252 -0.5472283631078334 -0.38015978988260696 -0.5476987504744836 -0.14745662541054827 -2.8791040235529275 3.095112010346705 1600 800
0 1 1292 2181 -0.2701278741308211 -0.48987916317382696 0.21754060114161888 0.799828371565186 -3.8685227114496024 -0.852889865132167 4.56419896397359 400 200
0 1 2331 557 0.11954827919821641 -0.40496148241200847 -0.7329527817292958 0.5333803768969207 -3.6107219232767127 4.569210719152219 -2.399737418143192 1600 800
0 1 1750 2388 -0.4797562019732006 -0.08683114007137674 0.666718255945875 0.5637207703913749 1.1799689490708873 1.714650628352441 -3.852961340324048 1800 900
0 1 875 540 0.7652107406828038 -0.4117319897705583 0.08595129654476284 -0.48738246333400803 -2.198477765873542 4.032029932688349 -2.8270025980530153 1800 900
0 1 1044 2087 0.08674925645816028 0.32339800585863004 0.47884185143606733 0.8115409894909174 -1.8042753888649168 -2.003859561027329 -2.1025659681137254 400 200
0 1 2142 624 -0.5148235642913546 0.4211077929663382 0.7168522864599165 0.20915956528582408 1.8786258484186575 4.417216566248991 2.4876366501738003 1400 700